    0.545237224374230360E-31   -0.157330751419067383E+00    0.119930863380432129E+00
    0.547126811493253594E-31   -0.164250016212463379E+00    0.106323182582855225E+00
    0.582844703986559453E-31   -0.290730357170104980E+00    0.617716908454895020E-01
    0.586408300518961062E-31   -0.302921414375305176E+00    0.609308481216430664E-01
    0.591342730107367184E-31   -0.319680333137512207E+00    0.252839326858520508E-01
    0.603886241663883378E-31   -0.361660480499267578E+00    0.318573117256164551E-01
    0.520455276127736606E-31   -0.642967224121093750E-01    0.149566233158111572E+00
    0.504394686099033748E-31   -0.160694122314453125E-02    0.207393109798431396E+00
    0.516159863109340708E-31   -0.477218627929687500E-01    0.105233371257781982E+00
    0.506571331978636044E-31   -0.102190971374511719E-01    0.214852750301361084E+00
    0.529831361093319211E-31   -0.100006341934204102E+00    0.522806644439697266E-01
    0.630675289234862722E-31   -0.448471069335937500E+00    0.169895887374877930E-01
    0.630734686090680234E-31   -0.448659420013427734E+00    0.601237416267395020E-01
    0.510539642561145994E-31   -0.258253812789916992E-01    0.750696063041687012E-01
    0.574185526213610785E-31   -0.260793924331665039E+00    0.192826628684997559E+00
    0.628980929173168689E-31   -0.443090677261352539E+00    0.268362581729888916E+00
    0.643192179620987938E-31   -0.487775921821594238E+00    0.285339355468750000E+00
    0.607150403608270525E-31   -0.372441887855529785E+00    0.154779255390167236E+00
    0.644651491198488244E-31   -0.492308497428894043E+00    0.923483967781066895E-01
    0.664172821521951778E-31   -0.551973581314086914E+00    0.679903030395507812E-01
    0.611098301279454502E-31   -0.385404467582702637E+00    0.158416152000427246E+00
    0.619731021026910171E-31   -0.413459897041320801E+00    0.266088426113128662E+00
    0.671091139753940668E-31   -0.572698712348937988E+00    0.751055479049682617E-01
    0.657122239418214715E-31   -0.530628919601440430E+00    0.258868932723999023E-02
    0.712062366992306725E-31   -0.691219806671142578E+00    0.482087731361389160E-01
    0.587253225055726567E-31   -0.305801033973693848E+00    0.228212594985961914E+00
    0.666095368764167849E-31   -0.557754516601562500E+00    0.328022241592407227E-01
    0.630446212626761983E-31   -0.447744488716125488E+00    0.294407427310943604E+00
    0.647078927831061974E-31   -0.499825358390808105E+00    0.315542340278625488E+00
    0.655317961643677484E-31   -0.525129914283752441E+00    0.326593399047851562E+00
    0.655409602797405563E-31   -0.525409579277038574E+00    0.304354250431060791E+00
    0.640605223479997034E-31   -0.479715585708618164E+00    0.138946831226348877E+00
    0.656465806237761709E-31   -0.528630018234252930E+00    0.338603138923645020E+00
    0.624130354053364036E-31   -0.427607297897338867E+00    0.293723404407501221E+00
    0.714787009621771592E-31   -0.698858022689819336E+00    0.676550865173339844E-01
    0.661804045118171175E-31   -0.544827818870544434E+00    0.122323751449584961E+00
    0.730616429196806826E-31   -0.742666006088256836E+00    0.714756250381469727E-01
    0.669675988664901222E-31   -0.568476796150207520E+00    0.366246581077575684E+00
    0.658799061622076382E-31   -0.535725951194763184E+00    0.296225726604461670E+00
    0.721915178393826185E-31   -0.718704104423522949E+00    0.827543139457702637E-01
    0.720733309024118489E-31   -0.715427160263061523E+00    0.449648678302764893E+00
    0.712829498710314150E-31   -0.693373322486877441E+00    0.903187394142150879E-01
    0.681520143706762359E-31   -0.603540420532226562E+00    0.117039680480957031E+00
    0.673082656320288600E-31   -0.578625082969665527E+00    0.327375352382659912E+00
    0.712486958217082686E-31   -0.692412018775939941E+00    0.414383411407470703E-02
    0.694363537266365689E-31   -0.640880107879638672E+00    0.434784531593322754E+00
    0.655219030146523873E-31   -0.524827957153320312E+00    0.211076557636260986E+00
    0.520379589045131610E-31   -0.640058517456054688E-01    0.309100091457366943E+00
    0.785683417929970738E-31   -0.887996673583984375E+00    0.656416416168212891E-01
    0.680739759255899258E-31   -0.601248979568481445E+00    0.138505458831787109E+00
    0.779087663857888719E-31   -0.871135950088500977E+00    0.534548819065093994E+00
    0.662705737397985834E-31   -0.547550916671752930E+00    0.194184839725494385E+00
    0.693972413393537611E-31   -0.639753222465515137E+00    0.369226813316345215E+00
    0.655211219373571386E-31   -0.524804115295410156E+00    0.366950809955596924E+00
    0.710994727624174840E-31   -0.688218832015991211E+00    0.406675636768341064E+00
    0.664267086727103654E-31   -0.552257418632507324E+00    0.263438701629638672E+00
    0.675352588735498555E-31   -0.585358619689941406E+00    0.169001877307891846E+00
    0.804612028493104405E-31   -0.935609221458435059E+00    0.699284076690673828E-01
    0.733356464203030137E-31   -0.750152587890625000E+00    0.512630224227905273E+00
    0.738711735911939379E-31   -0.764704346656799316E+00    0.523171365261077881E+00
    0.517817705074874939E-31   -0.541353225708007812E-01    0.343253433704376221E+00
    0.725376740316984209E-31   -0.728271126747131348E+00    0.476891577243804932E+00
    0.624445228891921858E-31   -0.428616046905517578E+00    0.347878158092498779E+00
    0.697947291450867232E-31   -0.651175975799560547E+00    0.353099882602691650E+00
    0.693097538069768390E-31   -0.637230277061462402E+00    0.334891021251678467E+00
    0.620107024756226760E-31   -0.414672970771789551E+00    0.352317035198211670E+00
    0.686192356172383204E-31   -0.617204785346984863E+00    0.234862267971038818E+00
    0.900459852552188258E-31   -0.116069996356964111E+01    0.550366640090942383E-01
    0.520567803459296129E-31   -0.647290945053100586E-01    0.359562098979949951E+00
    0.706916763994565283E-31   -0.676714658737182617E+00    0.174351751804351807E+00
    0.832430866343842184E-31   -0.100358915328979492E+01    0.377669334411621094E-01
    0.508146066925543775E-31   -0.164266824722290039E-01    0.378820300102233887E+00
    0.714751606054535406E-31   -0.698758959770202637E+00    0.169081032276153564E+00
    0.518087406163759614E-31   -0.551767349243164062E-01    0.378485441207885742E+00
    0.688610909353179028E-31   -0.624241590499877930E+00    0.450987875461578369E+00
    0.747455700407535026E-31   -0.788238883018493652E+00    0.136023700237274170E+00
    0.737659405102115934E-31   -0.761853218078613281E+00    0.435266911983489990E+00
    0.591528615553269623E-31   -0.320308923721313477E+00    0.364035427570343018E+00
    0.570464264379889402E-31   -0.247789859771728516E+00    0.365008533000946045E+00
    0.541205921756790219E-31   -0.142488479614257812E+00    0.376723647117614746E+00
    0.718868510416166378E-31   -0.710245728492736816E+00    0.363754153251647949E+00
    0.760067734570883254E-31   -0.821703910827636719E+00    0.136598527431488037E+00
    0.654989159006696738E-31   -0.524126172065734863E+00    0.423949658870697021E+00
    0.899916269816499398E-31   -0.115949225425720215E+01    0.131485462188720703E-01
    0.677184862480228856E-31   -0.590777397155761719E+00    0.451168537139892578E+00
    0.730972914055448827E-31   -0.743641614913940430E+00    0.391260564327239990E+00
    0.751927683283859733E-31   -0.800169110298156738E+00    0.166601479053497314E+00
    0.514928313956352933E-31   -0.429441928863525391E-01    0.416810870170593262E+00
    0.795925087916458123E-31   -0.913898944854736328E+00    0.631332814693450928E+00
    0.787739381308229421E-31   -0.893223404884338379E+00    0.128315925598144531E+00
    0.677049456936002131E-31   -0.590377449989318848E+00    0.458740830421447754E+00
    0.933825199893393726E-31   -0.123346734046936035E+01    0.446864366531372070E-01
    0.733312273257034490E-31   -0.750032067298889160E+00    0.229905188083648682E+00
    0.727352146130723501E-31   -0.733710289001464844E+00    0.278038680553436279E+00
    0.747352703670064141E-31   -0.787963271141052246E+00    0.424546658992767334E+00
    0.742656501935228141E-31   -0.775356054306030273E+00    0.211903572082519531E+00
    0.619332874324301824E-31   -0.412174582481384277E+00    0.413934290409088135E+00
    0.733636008489706169E-31   -0.750914812088012695E+00    0.249989271163940430E+00
    0.578623180049077086E-31   -0.276191711425781250E+00    0.406194567680358887E+00
    0.824439154172405842E-31   -0.984295487403869629E+00    0.594000160694122314E+00
    0.739610419329084798E-31   -0.767135977745056152E+00    0.374649703502655029E+00
    0.505102082774473147E-31   -0.440990924835205078E-02    0.445397436618804932E+00
    0.776269990701776213E-31   -0.863889575004577637E+00    0.176557540893554688E+00
    0.952341959112551789E-31   -0.127273714542388916E+01    0.352452397346496582E-01
    0.522537377446123666E-31   -0.722818374633789062E-01    0.442721724510192871E+00
    0.103289514228613062E-30   -0.143513071537017822E+01    0.472590923309326172E-01
    0.956379603213174477E-31   -0.128119862079620361E+01    0.150076150894165039E-01
    0.681993754878457215E-31   -0.604929804801940918E+00    0.488161623477935791E+00
    0.950930377278137721E-31   -0.126977050304412842E+01    0.631252527236938477E-01
    0.760301763518429893E-31   -0.822319626808166504E+00    0.595435738563537598E+00
    0.890267241507235049E-31   -0.113793218135833740E+01    0.804820835590362549E+00
    0.692109073074850814E-31   -0.634375929832458496E+00    0.505932509899139404E+00
    0.596106205364137267E-31   -0.335726499557495117E+00    0.442027330398559570E+00
    0.768158582667283323E-31   -0.842881202697753906E+00    0.437447130680084229E+00
    0.775917221223727228E-31   -0.862980484962463379E+00    0.217959046363830566E+00
    0.898585018900761009E-31   -0.115653145313262939E+01    0.906081199645996094E-01
    0.846412182692017812E-31   -0.103690171241760254E+01    0.621486067771911621E+00
    0.992670702511012711E-31   -0.135568678379058838E+01    0.392395257949829102E-02
    0.991991215663339508E-31   -0.135431730747222900E+01    0.266051888465881348E-01
    0.790456197411279217E-31   -0.900109291076660156E+00    0.202215671539306641E+00
    0.843709606552318100E-31   -0.103050553798675537E+01    0.134102404117584229E+00
    0.651002200880949976E-31   -0.511914849281311035E+00    0.479505181312561035E+00
    0.557824051366504158E-31   -0.202975988388061523E+00    0.457319200038909912E+00
    0.777322775232091529E-31   -0.866600155830383301E+00    0.447255790233612061E+00
    0.624382516618246062E-31   -0.428415179252624512E+00    0.466011166572570801E+00
    0.952648250160251524E-31   -0.127338027954101562E+01    0.808509051799774170E+00
    0.660775762028108855E-31   -0.541717886924743652E+00    0.491696178913116455E+00
    0.524565990641289814E-31   -0.800312757492065430E-01    0.477768778800964355E+00
    0.101364763544288814E-30   -0.139751005172729492E+01    0.874226570129394531E+00
    0.864428444414674812E-31   -0.107902586460113525E+01    0.648400306701660156E+00
    0.538872298914904372E-31   -0.133846044540405273E+00    0.473492503166198730E+00
    0.858205783160920648E-31   -0.106457662582397461E+01    0.134159266948699951E+00
    0.796293219001835993E-31   -0.914823770523071289E+00    0.224732637405395508E+00
    0.820333118109105654E-31   -0.974309802055358887E+00    0.554442644119262695E+00
    0.773675897326046490E-31   -0.857194900512695312E+00    0.327017068862915039E+00
    0.972883229688707588E-31   -0.131541693210601807E+01    0.838805675506591797E+00
    0.847002149848021085E-31   -0.103829526901245117E+01    0.610127031803131104E+00
    0.617074805562697010E-31   -0.404869318008422852E+00    0.482211172580718994E+00
    0.539939200275738906E-31   -0.137801885604858398E+00    0.488496601581573486E+00
    0.510025807870672355E-31   -0.238114595413208008E-01    0.507837951183319092E+00
    0.685702750415756776E-31   -0.615777254104614258E+00    0.533342123031616211E+00
    0.831127909432874395E-31   -0.100045621395111084E+01    0.192309379577636719E+00
    0.881170251295185072E-31   -0.111739051342010498E+01    0.135415613651275635E+00
    0.938047143834443712E-31   -0.124248921871185303E+01    0.817793965339660645E+00
    0.929254963583595316E-31   -0.122365510463714600E+01    0.103276550769805908E+00
    0.629016883293318458E-31   -0.443204998970031738E+00    0.501063346862792969E+00
    0.100343021351225876E-30   -0.137724804878234863E+01    0.878521263599395752E+00
    0.985352603709215461E-31   -0.134088790416717529E+01    0.961267352104187012E+00
    0.796516087918933164E-31   -0.915383458137512207E+00    0.315260350704193115E+00
    0.801225671038647497E-31   -0.927174091339111328E+00    0.305655658245086670E+00
    0.683228232320478875E-31   -0.608546733856201172E+00    0.546909511089324951E+00
    0.886941100393381743E-31   -0.113044595718383789E+01    0.151217460632324219E+00
    0.849840278635589384E-31   -0.104498565196990967E+01    0.588166892528533936E+00
    0.613362138327583384E-31   -0.392799854278564453E+00    0.518214702606201172E+00
    0.630343784642413207E-31   -0.447419524192810059E+00    0.527507364749908447E+00
    0.844913730189934985E-31   -0.103335785865783691E+01    0.567732930183410645E+00
    0.815981302010810766E-31   -0.963671684265136719E+00    0.305177509784698486E+00
    0.117437253847217583E-30   -0.169186735153198242E+01    0.224772691726684570E-01
    0.810194890865635114E-31   -0.949438452720642090E+00    0.359803855419158936E+00
    0.814311724070200186E-31   -0.959575295448303223E+00    0.446234166622161865E+00
    0.825600766379732859E-31   -0.987111449241638184E+00    0.285850822925567627E+00
    0.810745261396689101E-31   -0.950796604156494141E+00    0.384825646877288818E+00
    0.134743511379702291E-30   -0.196680510044097900E+01    0.218129754066467285E-01
    0.819115445036521700E-31   -0.971338868141174316E+00    0.465862214565277100E+00
    0.549239330332043291E-31   -0.171957373619079590E+00    0.534229636192321777E+00
    0.933901346368669801E-31   -0.123363041877746582E+01    0.865826725959777832E+00
    0.852043812115321371E-31   -0.105016469955444336E+01    0.570413172245025635E+00
    0.826299100330012272E-31   -0.988802433013916016E+00    0.319766759872436523E+00
    0.507534650495635307E-31   -0.140187740325927734E-01    0.565571069717407227E+00
    0.758730192480158902E-31   -0.818181276321411133E+00    0.647429883480072021E+00
    0.834020365989684558E-31   -0.100740444660186768E+01    0.294991552829742432E+00
    0.637507881172554131E-31   -0.470022082328796387E+00    0.549762547016143799E+00
    0.845405092133730691E-31   -0.103452062606811523E+01    0.542058646678924561E+00
    0.839382208775233426E-31   -0.102022111415863037E+01    0.752046525478363037E+00
    0.101879013350876295E-30   -0.140763092041015625E+01    0.870508790016174316E+00
    0.742238219722137148E-31   -0.774229288101196289E+00    0.632553875446319580E+00
    0.685668542248503194E-31   -0.615677475929260254E+00    0.581025362014770508E+00
    0.108009881359329088E-30   -0.152450442314147949E+01    0.974300265312194824E+00
    0.672339023238684648E-31   -0.576414227485656738E+00    0.571783900260925293E+00
    0.102214363212057535E-30   -0.141420340538024902E+01    0.898736715316772461E-01
    0.827281310611240349E-31   -0.991178393363952637E+00    0.347350418567657471E+00
    0.896626865495779581E-31   -0.115216839313507080E+01    0.664652526378631592E+00
    0.111525098427589718E-30   -0.158855831623077393E+01    0.582599043846130371E-01
    0.959773455251174052E-31   -0.128828334808349609E+01    0.779523611068725586E+00
    0.746027709899682783E-31   -0.784414291381835938E+00    0.640795946121215820E+00
    0.922253962189470550E-31   -0.120853006839752197E+01    0.170375704765319824E+00
    0.656606409779217170E-31   -0.529058337211608887E+00    0.571848213672637939E+00
    0.736824707061407578E-31   -0.759588837623596191E+00    0.635070919990539551E+00
    0.756378225940521637E-31   -0.811971902847290039E+00    0.656940221786499023E+00
    0.123226509578935001E-30   -0.178810739517211914E+01    0.149049162864685059E-01
    0.125619109737036304E-30   -0.182656776905059814E+01    0.161098837852478027E-01
    0.562122588834958380E-31   -0.218328714370727539E+00    0.560603201389312744E+00
    0.609480476105283276E-31   -0.380102634429931641E+00    0.562705636024475098E+00
    0.983758685723706528E-31   -0.133765006065368652E+01    0.812836050987243652E+00
    0.560246591768927460E-31   -0.211642861366271973E+00    0.566175639629364014E+00
    0.867055306096352398E-31   -0.108509433269500732E+01    0.272622048854827881E+00
    0.110947648706779866E-30   -0.157817590236663818E+01    0.672873854637145996E-01
    0.970762937882230912E-31   -0.131105339527130127E+01    0.139986455440521240E+00
    0.126298828815524172E-30   -0.183736050128936768E+01    0.133398175239562988E-01
    0.100733357170380222E-30   -0.138501298427581787E+01    0.117906928062438965E+00
    0.105707112607053716E-30   -0.148140335083007812E+01    0.924308300018310547E-01
    0.107218251519427639E-30   -0.150979197025299072E+01    0.863392949104309082E-01
    0.552648086024707707E-31   -0.184331655502319336E+00    0.580597281455993652E+00
    0.642572718537098602E-31   -0.485848784446716309E+00    0.586019873619079590E+00
    0.952969237980972866E-31   -0.127405405044555664E+01    0.168020129203796387E+00
    0.107223639027707244E-30   -0.150989246368408203E+01    0.998248696327209473E+00
    0.511567463106145555E-31   -0.298477411270141602E-01    0.604409337043762207E+00
    0.946861106286758964E-31   -0.126119363307952881E+01    0.177370071411132812E+00
    0.577202065477223350E-31   -0.271273612976074219E+00    0.581764698028564453E+00
    0.750894120867766352E-31   -0.797418117523193359E+00    0.668998301029205322E+00
    0.884027229432679404E-31   -0.112386453151702881E+01    0.595533251762390137E+00
    0.126676703745167725E-30   -0.184333539009094238E+01    0.602805614471435547E-02
    0.534686952232194405E-31   -0.118251681327819824E+00    0.598212659358978271E+00
    0.103977281030726365E-30   -0.144840383529663086E+01    0.966499090194702148E+00
    0.660203741755037128E-31   -0.539985775947570801E+00    0.605875253677368164E+00
    0.857245155978261471E-31   -0.106233668327331543E+01    0.451538145542144775E+00
    0.108541196186120165E-30   -0.153431856632232666E+01    0.907994508743286133E-01
    0.996177307748567224E-31   -0.136273932456970215E+01    0.951706171035766602E+00
    0.566093436060215504E-31   -0.232407093048095703E+00    0.602129817008972168E+00
    0.105384785788508658E-30   -0.147529554367065430E+01    0.986549496650695801E+00
    0.605124386340645019E-31   -0.365756869316101074E+00    0.601620435714721680E+00
    0.866409231097106145E-31   -0.108360350131988525E+01    0.446450293064117432E+00
    0.552632901172951174E-31   -0.184276700019836426E+00    0.608333408832550049E+00
    0.913516859557467143E-31   -0.118949246406555176E+01    0.259233117103576660E+00
    0.872353228378547161E-31   -0.109727764129638672E+01    0.384061038494110107E+00
    0.983838553093655845E-31   -0.133781242370605469E+01    0.970798254013061523E+00
    0.868921946752966156E-31   -0.108939540386199951E+01    0.445257902145385742E+00
    0.102322689646468705E-30   -0.141632187366485596E+01    0.961425662040710449E+00
    0.101160219418744386E-30   -0.139347016811370850E+01    0.956016957759857178E+00
    0.751671143012369151E-31   -0.799486637115478516E+00    0.689516842365264893E+00
    0.881665305043515471E-31   -0.111851382255554199E+01    0.359240055084228516E+00
    0.573967526657965632E-31   -0.260034441947937012E+00    0.611033856868743896E+00
    0.792177385433790049E-31   -0.904459476470947266E+00    0.731055498123168945E+00
    0.756409290415201224E-31   -0.812054038047790527E+00    0.695927858352661133E+00
    0.587184694193752334E-31   -0.305567622184753418E+00    0.611979663372039795E+00
    0.597724762431447466E-31   -0.341149568557739258E+00    0.613372683525085449E+00
    0.897489640208990378E-31   -0.115409195423126221E+01    0.589742779731750488E+00
    0.928021907828324466E-31   -0.122099947929382324E+01    0.257683515548706055E+00
    0.978909704586054598E-31   -0.132776761054992676E+01    0.776256680488586426E+00
    0.547584410142336475E-31   -0.165922045707702637E+00    0.627066493034362793E+00
    0.717246794317560701E-31   -0.705728769302368164E+00    0.669422984123229980E+00
    0.890259761709398761E-31   -0.113791537284851074E+01    0.543426275253295898E+00
    0.930472635470578080E-31   -0.122627413272857666E+01    0.903582155704498291E+00
    0.951680380060896795E-31   -0.127134728431701660E+01    0.232517004013061523E+00
    0.964609290258140799E-31   -0.129833507537841797E+01    0.216481804847717285E+00
    0.923346877979164975E-31   -0.121089875698089600E+01    0.282440483570098877E+00
    0.884930097723396671E-31   -0.112590610980987549E+01    0.452890872955322266E+00
    0.960251086673420095E-31   -0.128927839475931139E+01    0.227527490919702868E+00
    0.120977990937180815E-30   -0.175127625465393066E+01    0.650720596313476562E-01
    0.621784040623895221E-31   -0.420074458417407204E+00    0.630670647126562067E+00
    0.890322008380628047E-31   -0.113805520534515381E+01    0.409324526786804199E+00
    0.624422527476256507E-31   -0.428543329238891602E+00    0.633381724357604980E+00
    0.605790645979871254E-31   -0.367957711219787598E+00    0.631636917591094971E+00
    0.893821346519089796E-31   -0.114590063394978126E+01    0.520166060631330418E+00
    0.621264550112112716E-31   -0.418402791023254395E+00    0.635238111019134521E+00
    0.929780359359550526E-31   -0.122478556632995605E+01    0.288569986820220947E+00
    0.633755829403323553E-31   -0.458216301531533754E+00    0.638229559724731277E+00
    0.892947291736826714E-31   -0.114394390583038330E+01    0.419914066791534424E+00
    0.717886639318958776E-31   -0.707512140274047852E+00    0.681452035903930664E+00
    0.902956276230927009E-31   -0.116623705822262513E+01    0.365945936895357260E+00
    0.991853403867122028E-31   -0.135403943061828613E+01    0.789397418498992920E+00
    0.893282239067410733E-31   -0.114469397068023682E+01    0.478158414363861084E+00
    0.685954279683299764E-31   -0.616510748863220215E+00    0.665432929992675781E+00
    0.928838378826766015E-31   -0.122275829315185547E+01    0.640994846820831299E+00
    0.882459191281219262E-31   -0.112031388282775879E+01    0.852783024311065674E+00
    0.900359766226025955E-31   -0.116047763824462891E+01    0.480596661567687988E+00
    0.834119352793496701E-31   -0.100764179229736328E+01    0.798975288867950439E+00
    0.538730193296984263E-31   -0.133318543434143066E+00    0.657150447368621826E+00
    0.554413378766120202E-31   -0.190709948539733887E+00    0.653602123260498047E+00
    0.106469764677606384E-30   -0.149578106403350830E+01    0.154039084911346436E+00
    0.869243743067308620E-31   -0.109013593196868896E+01    0.842595458030700684E+00
    0.619447548585702609E-31   -0.412544846534729004E+00    0.655243873596191406E+00
    0.600412556376180243E-31   -0.350122809410095215E+00    0.657465338706970215E+00
    0.591213641416988437E-31   -0.319243669509887695E+00    0.658992826938629150E+00
    0.912285770355713598E-31   -0.118679535388946533E+01    0.448756277561187744E+00
    0.540658425171278210E-31   -0.140464186668395996E+00    0.671045720577239990E+00
    0.589870095195330790E-31   -0.314693450927734375E+00    0.661201477050781250E+00
    0.682007014628819967E-31   -0.604968667030334473E+00    0.683525502681732178E+00
    0.615639019455191025E-31   -0.400210349114618891E+00    0.662875697559882959E+00
    0.968701955117852760E-31   -0.130680274963378906E+01    0.718028306961059570E+00
    0.743613400093989711E-31   -0.777931332588195801E+00    0.724184632301330566E+00
    0.112793458518079311E-30   -0.161117565631866455E+01    0.123700976371765137E+00
    0.853931179180677935E-31   -0.105458998680114746E+01    0.831330239772796631E+00
    0.108599063671473920E-30   -0.153538453578948975E+01    0.928217828273773193E+00
    0.942496918896046518E-31   -0.125195407867431641E+01    0.643568217754364014E+00
    0.700722605524717072E-31   -0.659112970324354452E+00    0.696699610243094680E+00
    0.940703149162030164E-31   -0.124814403057098389E+01    0.341847360134124756E+00
    0.111469269028172572E-30   -0.158755683898925781E+01    0.135595202445983887E+00
    0.919769522097692170E-31   -0.120313501358032227E+01    0.446062862873077393E+00
    0.614803430895814885E-31   -0.397493958473205566E+00    0.669433474540710449E+00
    0.925069627640045620E-31   -0.121462678909301758E+01    0.415356397628784180E+00
    0.927574590696957571E-31   -0.122003519535064697E+01    0.415866613388061523E+00
    0.925393900633144250E-31   -0.121532774013701372E+01    0.536937338510680928E+00
    0.110038150882971382E-30   -0.156171321868896484E+01    0.150967121124267578E+00
    0.100680253958263363E-30   -0.138395833969116211E+01    0.240488588809967041E+00
    0.978348402456146232E-31   -0.132662045955657959E+01    0.284371554851531982E+00
    0.961380787972524763E-31   -0.129162991046905518E+01    0.316907286643981934E+00
    0.928049747822025129E-31   -0.122105944156646729E+01    0.530552685260772705E+00
    0.928640877828499308E-31   -0.122233295440673828E+01    0.445202708244323730E+00
    0.103277696446596484E-30   -0.143490183353424072E+01    0.215943276882171631E+00
    0.978972970355766839E-31   -0.132789682724646951E+01    0.290724556024525405E+00
    0.108626008622991494E-30   -0.153588068485260010E+01    0.921559691429138184E+00
    0.108175670542840860E-30   -0.152757191658020020E+01    0.914643466472625732E+00
    0.938167285095482290E-31   -0.124274530927549454E+01    0.404125280558487732E+00
    0.117206210543362775E-30   -0.168792867660522461E+01    0.114976942539215088E+00
    0.626322025451248327E-31   -0.434618069685724362E+00    0.684354456738013983E+00
    0.132422063451196794E-30   -0.193204748630523682E+01    0.576846599578857422E-01
    0.647727651279398239E-31   -0.501829385757446289E+00    0.691906452178955078E+00
    0.645443347841042119E-31   -0.494763635318188177E+00    0.691386038229154121E+00
    0.557237132822970548E-31   -0.200870513916015625E+00    0.690741717815399170E+00
    0.134981412164188190E-30   -0.197033309936523438E+01    0.525529384613037109E-01
    0.934347741593157262E-31   -0.123458611415192565E+01    0.499430505235392064E+00
    0.107561754479790436E-30   -0.151618921756744385E+01    0.187309920787811279E+00
    0.959281858038630958E-31   -0.128725862503051758E+01    0.651414811611175537E+00
    0.794347466417905973E-31   -0.909930706024169922E+00    0.787809967994689941E+00
    0.937723106180485604E-31   -0.124179816246032715E+01    0.536754488945007324E+00
    0.957781548238867919E-31   -0.128412818908691406E+01    0.644075691699981689E+00
    0.940070849630299232E-31   -0.124679923057556152E+01    0.553843796253204346E+00
    0.699513805553179193E-31   -0.655659794807434082E+00    0.721902132034301758E+00
    0.100620527386220679E-30   -0.138277149200439453E+01    0.275655329227447510E+00
    0.607171704805912298E-31   -0.372511982917785645E+00    0.694695591926574707E+00
    0.557703842986203546E-31   -0.202544877003080409E+00    0.701138293890352204E+00
    0.131660563325182136E-30   -0.192051315307617188E+01    0.670423507690429688E-01
    0.120311349901112251E-30   -0.174022483825683594E+01    0.112528860569000244E+00
    0.504003752176270472E-31   -0.561475753784179688E-04    0.727704524993896484E+00
    0.104399541402592210E-30   -0.145650947093963623E+01    0.234416961669921875E+00
    0.102152438227967617E-30   -0.141299128532409668E+01    0.263006687164306641E+00
    0.918961600446049042E-31   -0.120137739181518555E+01    0.923797547817230225E+00
    0.956684896468012493E-31   -0.128183686733245850E+01    0.405742406845092773E+00
    0.591979057546128771E-31   -0.321831226348876953E+00    0.702859759330749512E+00
    0.101192964153559664E-30   -0.139411735534667969E+01    0.770600497722625732E+00
    0.948754933983667583E-31   -0.126518976688385010E+01    0.959210515022277832E+00
    0.504071983416308024E-31   -0.326871871948242188E-03    0.732483804225921631E+00
    0.525416218657192951E-31   -0.832701921463012695E-01    0.722862482070922852E+00
    0.124182030936701017E-30   -0.180355584621429443E+01    0.100038111209869385E+00
    0.823271600360509856E-31   -0.981461012548335288E+00    0.827779900813654046E+00
    0.974365375722771889E-31   -0.131846141815185547E+01    0.662767112255096436E+00
    0.112020396736681060E-30   -0.159742081165313721E+01    0.174294114112854004E+00
    0.956822744401434674E-31   -0.128212499618530273E+01    0.448339104652404785E+00
    0.952716787637438873E-31   -0.127352404594421387E+01    0.508013665676116943E+00
    0.665708859004328160E-31   -0.556593537330627441E+00    0.721806764602661133E+00
    0.955710888602510404E-31   -0.127979958057403564E+01    0.470084667205810547E+00
    0.862917592118678229E-31   -0.107552707195281982E+01    0.869649171829223633E+00
    0.111944920079305646E-30   -0.159607279300689697E+01    0.178463339805603027E+00
    0.710204695540077643E-31   -0.685995137962734591E+00    0.744859491243273109E+00
    0.520907802014562101E-31   -0.660347938537597656E-01    0.733271718025207520E+00
    0.817521661331563966E-31   -0.967443466186523438E+00    0.827308475971221924E+00
    0.709568391362742585E-31   -0.684202436973589290E+00    0.746203680698089067E+00
    0.104265860972187325E-30   -0.145394682884216309E+01    0.821442842483520508E+00
    0.113393306553960979E-30   -0.162178356442568794E+01    0.173821596250866905E+00
    0.114440663576223759E-30   -0.164017176628112793E+01    0.988638579845428467E+00
    0.697681780525263868E-31   -0.650414837612705909E+00    0.744059169036232371E+00
    0.702053576239400259E-31   -0.662908077239990234E+00    0.747570335865020752E+00
    0.706857267101996676E-31   -0.676546156127506459E+00    0.750176893949800583E+00
    0.126749369849256712E-30   -0.184448216313405089E+01    0.994183246023043754E-01
    0.978817821964220603E-31   -0.132757971299826716E+01    0.647209315359337456E+00
    0.113480822880193523E-30   -0.162332653999328613E+01    0.177006125450134277E+00
    0.101956080508483472E-30   -0.140914309024810791E+01    0.306983709335327148E+00
    0.122942146987999579E-30   -0.178348660469055176E+01    0.118112027645111084E+00
    0.619127752982901996E-31   -0.411511898040771484E+00    0.723552107810974121E+00
    0.590066186642303554E-31   -0.315358042716979980E+00    0.723519265651702881E+00
    0.965640474552161907E-31   -0.130047178268432617E+01    0.514558434486389160E+00
    0.983968370573411978E-31   -0.133807611465454102E+01    0.656181335449218750E+00
    0.113937718985240754E-30   -0.163136274384805935E+01    0.177811140092663023E+00
    0.100564161433477851E-30   -0.138165068626403809E+01    0.341288626194000244E+00
    0.118599274746270168E-30   -0.171155953407287598E+01    0.146034061908721924E+00
    0.131600017749328062E-30   -0.191959309577941895E+01    0.840376615524291992E-01
    0.577295884875847913E-31   -0.271598458290100098E+00    0.729508519172668457E+00
    0.569192512599386145E-31   -0.243326004380253258E+00    0.732318630720447894E+00
    0.106348961824458800E-30   -0.149351032530775885E+01    0.257653327061000914E+00
    0.811587487090653332E-31   -0.952872947676726367E+00    0.834478300426873543E+00
    0.939613268828394769E-31   -0.124582529067993164E+01    0.964237034320831299E+00
    0.860723959854780902E-31   -0.107043623924255371E+01    0.882348358631134033E+00
    0.101263108273237333E-30   -0.139550304412841797E+01    0.728330194950103760E+00
    0.102136155864240335E-30   -0.141267228126525879E+01    0.750329196453094482E+00
    0.606479120789535105E-31   -0.370229125022888184E+00    0.736823081970214844E+00
    0.104908673395653973E-30   -0.146623909473419189E+01    0.813686132431030273E+00
    0.770945820519227471E-31   -0.850124716758728027E+00    0.806101858615875244E+00
    0.101327791291255019E-30   -0.139678014380313487E+01    0.726970932121800972E+00
    0.983735432117293889E-31   -0.133760249614715576E+01    0.612787067890167236E+00
    0.700986032943334812E-31   -0.659864425659179688E+00    0.764064610004425049E+00
    0.638219706701699792E-31   -0.472253680229187012E+00    0.742924988269805908E+00
    0.995160919151017186E-31   -0.136069739606196261E+01    0.660577132772688036E+00
    0.104857776608482460E-30   -0.146526852454474588E+01    0.296328756668139959E+00
    0.125599923153022884E-30   -0.182626195246789735E+01    0.120611096874914656E+00
    0.100496068100260892E-30   -0.138029587268829346E+01    0.385546863079071045E+00
    0.752978276311080458E-31   -0.802961230278015137E+00    0.797002434730529785E+00
    0.653196764434603397E-31   -0.518645286560058594E+00    0.748809635639190674E+00
    0.131545631042009858E-30   -0.191876624303374554E+01    0.951484813267652468E-01
    0.126984010907881850E-30   -0.184818100929260254E+01    0.115343987941741943E+00
    0.125102564504457315E-30   -0.181832647323608398E+01    0.125462591648101807E+00
    0.112750222817245864E-30   -0.161040854802196343E+01    0.210503666162885156E+00
    0.109053139285477547E-30   -0.154372919827228428E+01    0.248021741978083660E+00
    0.507168135364579700E-31   -0.125735998153686523E-01    0.771485745906829834E+00
    0.619658664015380901E-31   -0.413226008415222168E+00    0.745678544044494629E+00
    0.918667748263008152E-31   -0.120073747634887695E+01    0.947808444499969482E+00
    0.517958375192167248E-31   -0.546781966939218211E-01    0.766786791720576288E+00
    0.109665812928272079E-30   -0.155493397033430680E+01    0.244227785390975227E+00
    0.808631429782761318E-31   -0.945574879646301270E+00    0.843029141426086426E+00
    0.123328665010616552E-30   -0.178976432987797973E+01    0.138165210522511545E+00
    0.107486608732246761E-30   -0.151479113821174760E+01    0.855308865168251109E+00
    0.627692537074526279E-31   -0.438989281654357910E+00    0.752178490161895752E+00
    0.727490357286173356E-31   -0.734089851379394531E+00    0.789142251014709473E+00
    0.103835787057101859E-30   -0.144567990303039551E+01    0.337325513362884521E+00
    0.110039391311715078E-30   -0.156173533804143738E+01    0.250295204863644871E+00
    0.517143846555515334E-31   -0.515304803848266602E-01    0.774258494377136230E+00
    0.101673728455369120E-30   -0.140359640121459961E+01    0.705188870429992676E+00
    0.118854761384759079E-30   -0.171586299466708914E+01    0.175321974054854474E+00
    0.100110034124570195E-30   -0.137259832691123340E+01    0.453799469493280039E+00
    0.630108153034630979E-31   -0.446671247482299805E+00    0.757619976997375488E+00
    0.101618071218330178E-30   -0.140250122547149658E+01    0.404281556606292725E+00
    0.131986813987971848E-30   -0.192546248435974121E+01    0.104888319969177246E+00
    0.116556043697880098E-30   -0.167680286762262409E+01    0.196845151950634123E+00
    0.830212240816306788E-31   -0.998251000336514926E+00    0.871359349976392861E+00
    0.539800005251134374E-31   -0.137285655218759017E+00    0.771087320561512746E+00
    0.103748475449740967E-30   -0.144399734850809169E+01    0.357489253423024789E+00
    0.116593957406984066E-30   -0.167745330025793149E+01    0.997969008978284777E+00
    0.895052650288463157E-31   -0.114865326881408691E+01    0.934033036231994629E+00
    0.740923894277505569E-31   -0.770684003829956055E+00    0.807256162166595459E+00
    0.762058979377338364E-31   -0.826936073821829543E+00    0.821365434284588303E+00
    0.121739711404868787E-30   -0.176382880867036662E+01    0.166238438693374624E+00
    0.937814531531547641E-31   -0.124199247360229492E+01    0.980486333370208740E+00
    0.589434777455449947E-31   -0.313216209411621094E+00    0.768832504749298096E+00
    0.104052943379550616E-30   -0.144985790473238119E+01    0.747779073382320525E+00
    0.636416226671100207E-31   -0.466593623161315918E+00    0.772034049034118652E+00
    0.102009730700922573E-30   -0.141019463539123535E+01    0.433823227882385254E+00
    0.112128655513988133E-30   -0.159935206123516371E+01    0.253030490608994407E+00
    0.549258797793905243E-31   -0.172027468681335449E+00    0.778975129127502441E+00
    0.816893128768914379E-31   -0.965904561157349462E+00    0.868713236865155558E+00
    0.700726527398050959E-31   -0.659123389320123598E+00    0.793295688344041516E+00
    0.133240284409882859E-30   -0.194436645507812500E+01    0.109767138957977295E+00
    0.925224987018882930E-31   -0.121496183109771660E+01    0.970404830217718950E+00
    0.101009134261891167E-30   -0.139048004150390625E+01    0.603197276592254639E+00
    0.103073567749155390E-30   -0.143094407852442407E+01    0.414419985021771409E+00
    0.919325857018289026E-31   -0.120216917991638184E+01    0.965667009353637695E+00
    0.119555995103492311E-30   -0.172762775421142578E+01    0.192652523517608643E+00
    0.514333377440238108E-31   -0.406311750411987305E-01    0.799000144004821777E+00
    0.573919016135108142E-31   -0.259864449501037598E+00    0.779300749301910400E+00
    0.102460444709853557E-30   -0.141901167040557685E+01    0.446049610137715602E+00
    0.103192108622838409E-30   -0.143324279785156250E+01    0.420742273330688477E+00
    0.102689897544294616E-30   -0.142348551750183105E+01    0.437691986560821533E+00
    0.423882780424991033E-34   -0.212191677530164137E-01    0.852758211683170120E+00
    0.423935778129506237E-34   -0.264692104256546573E-01    0.811094142595691681E+00
    0.532081520932220065E-34   -0.480900764465332031E+00    0.805190265178680420E+00
    0.431409086913704002E-34   -0.614209346124097721E-01    0.804902663219063119E+00
    0.104541741172514477E-33   -0.183165038299600158E+01    0.804559525359569760E+00
    0.109939645369735049E-33   -0.193234059909137601E+01    0.805735077867380745E+00
    0.550106630233928677E-34   -0.547531604766845703E+00    0.801468312740325928E+00
    0.455271392052486818E-34   -0.169094753960956745E+00    0.801060853278158902E+00
    0.109360367196947432E-33   -0.192177462577819824E+01    0.799866676330566406E+00
    0.563345284423981731E-34   -0.595092807546133251E+00    0.839378566945055193E+00
    0.622853095075399687E-34   -0.795928716659545898E+00    0.845921874046325684E+00
    0.603460070092604643E-34   -0.732667088508605957E+00    0.843686223030090332E+00
    0.622003365658183182E-34   -0.793198347091674805E+00    0.845062673091888428E+00
    0.595528681085535950E-34   -0.706206440925598145E+00    0.809546649456024170E+00
    0.602815022906866683E-34   -0.730528116226196289E+00    0.836864829063415527E+00
    0.571622377507998807E-34   -0.624264527958041548E+00    0.829556227801777291E+00
    0.579547361339551475E-34   -0.651802114345274131E+00    0.824152313287410898E+00
    0.561156448413096359E-34   -0.587306821232894016E+00    0.815803219974791216E+00
    0.519341984770299305E-34   -0.432432532310485840E+00    0.828317284584045410E+00
    0.542312990060604136E-34   -0.518993953996852997E+00    0.829383864582076691E+00
    0.544064161346391863E-34   -0.525441706695741306E+00    0.846965873569813121E+00
    0.506781159966815336E-34   -0.383465886116027832E+00    0.812628149986267090E+00
    0.500734338343208662E-34   -0.359458734906203226E+00    0.829448041598904506E+00
    0.492456875153689459E-34   -0.326121126867664479E+00    0.844132993023182676E+00
    0.486693171189356789E-34   -0.302575111389160156E+00    0.817317068576812744E+00
    0.478373672878869304E-34   -0.268091678619384766E+00    0.824709653854370117E+00
    0.484689090642572051E-34   -0.294322609901428223E+00    0.831686258316040039E+00
    0.436507535812471503E-34   -0.849186182022094727E-01    0.836627244949340820E+00
    0.438876075645208827E-34   -0.957415103912353516E-01    0.820529043674468994E+00
    0.452109468917300265E-34   -0.155156016349792480E+00    0.816005289554595947E+00
    0.454296437236761520E-34   -0.164807200431823730E+00    0.824557900428771973E+00
    0.441547820708763304E-34   -0.107879996299743652E+00    0.835893332958221436E+00
    0.449484103190490650E-34   -0.143508315086364746E+00    0.825601935386657715E+00
    0.443488437846175592E-34   -0.116650801919416097E+00    0.839777065979461668E+00
    0.441252911158116861E-34   -0.106543751092987624E+00    0.808359023690262579E+00
    0.472617383756669554E-34   -0.243879634212400415E+00    0.838610707799199773E+00
    0.427421964072867952E-34   -0.428508026583693108E-01    0.832631484823514012E+00
    0.111213577075802146E-33   -0.195538246631622314E+01    0.807104885578155518E+00
    0.109885971712074367E-33   -0.193136394023895264E+01    0.826770842075347900E+00
    0.111985454614566786E-33   -0.196921551227569580E+01    0.838201582431793213E+00
    0.101919208140570329E-33   -0.178083837032318115E+01    0.821149647235870361E+00
    0.927193162131924507E-34   -0.159163117408752441E+01    0.810032784938812256E+00
    0.104012599780878459E-33   -0.182150161266326904E+01    0.826236784458160400E+00
    0.110847288246151180E-33   -0.194878447055816650E+01    0.826133310794830322E+00
    0.929494374733124618E-34   -0.159658885002136230E+01    0.826065361499786377E+00
    0.105185688850116987E-33   -0.184393203258514404E+01    0.816441953182220459E+00
    0.935472646841268447E-34   -0.160941115200519969E+01    0.823210359265823421E+00
    0.108064046997303186E-33   -0.189792568378976712E+01    0.812133549355706363E+00
    0.973276850108295183E-34   -0.168864448798998446E+01    0.824837979572557001E+00
    0.988135897656386450E-34   -0.171894781263894258E+01    0.839957879683858377E+00
    0.441219332651861559E-34   -0.106391549110412598E+00    0.795511007308959961E+00
    0.466320428942212688E-34   -0.217053366754704519E+00    0.794855253767909220E+00
    0.996159445144784027E-34   -0.173512200010859474E+01    0.797161541730188383E+00
    0.537819987018644298E-34   -0.502355154695006800E+00    0.946448367156793147E+00
    0.664135011807845463E-34   -0.924278259277343750E+00    0.879160940647125244E+00
    0.647921932834162229E-34   -0.874847769737243652E+00    0.952729701995849609E+00
    0.666632761017833104E-34   -0.931785961805329022E+00    0.976488985706351120E+00
    0.641660875850271144E-34   -0.855427206318797206E+00    0.967197967708938400E+00
    0.670022263395433095E-34   -0.941929221153259277E+00    0.907370984554290771E+00
    0.679728157726445896E-34   -0.970693239975085165E+00    0.900374134927894310E+00
    0.665996267125539139E-34   -0.929875470806712068E+00    0.942875928705678379E+00
    0.671271724662484617E-34   -0.945655359165015197E+00    0.989315201199532201E+00
    0.655067918763732234E-34   -0.896785185647739458E+00    0.967974209669015484E+00
    0.660836262532645158E-34   -0.914319534420845681E+00    0.942481692041505226E+00
    0.603574138644398607E-34   -0.733045101165771484E+00    0.925248086452484131E+00
    0.649222075022922696E-34   -0.878857016563415527E+00    0.849633097648620605E+00
    0.582439144584262938E-34   -0.661756753921508789E+00    0.914780259132385254E+00
    0.631002789155430030E-34   -0.821927905082702637E+00    0.917343795299530029E+00
    0.599442705336073357E-34   -0.719308137893676758E+00    0.984603166580200195E+00
    0.585856688663751968E-34   -0.673457741737365723E+00    0.933787941932678223E+00
    0.593353086942987855E-34   -0.698886632919311523E+00    0.876186132431030273E+00
    0.626121880372265881E-34   -0.806397438049316406E+00    0.889118552207946777E+00
    0.619391494147657160E-34   -0.784782409667968750E+00    0.983115315437316895E+00
    0.600332853232187836E-34   -0.722275853157043457E+00    0.900907516479492188E+00
    0.589430339242248099E-34   -0.685620427131652832E+00    0.942369401454925537E+00
    0.592657409665033270E-34   -0.696540355682373047E+00    0.914156973361968994E+00
    0.631813406193910262E-34   -0.824495553970336914E+00    0.902708590030670166E+00
    0.589936363047715101E-34   -0.687336683273315430E+00    0.883009433746337891E+00
    0.639226121367067355E-34   -0.847823858261108398E+00    0.904253184795379639E+00
    0.571857606331578979E-34   -0.625087380409240723E+00    0.945439338684082031E+00
    0.617156790655813287E-34   -0.777553558349609375E+00    0.858290016651153564E+00
    0.621900455944173114E-34   -0.792867422103881836E+00    0.910507440567016602E+00
    0.563475807603589618E-34   -0.595556139945983887E+00    0.957406580448150635E+00
    0.566218155061173059E-34   -0.605266213417053223E+00    0.958829104900360107E+00
    0.638402683297724623E-34   -0.845245838165283203E+00    0.914118826389312744E+00
    0.602588307689941127E-34   -0.729775786399841309E+00    0.986521899700164795E+00
    0.579039534667845066E-34   -0.650048851966857910E+00    0.992614746093750000E+00
    0.554986347522843934E-34   -0.565194368362426758E+00    0.958899736404418945E+00
    0.600299581172623837E-34   -0.722165004712114644E+00    0.887561604303902740E+00
    0.633380526684990405E-34   -0.829450118647882984E+00    0.868260188767366325E+00
    0.629074640515846988E-34   -0.815807169645107577E+00    0.889126536160955272E+00
    0.581923150954456962E-34   -0.659984131549387398E+00    0.861247546935337893E+00
    0.567412097761129612E-34   -0.609479026681119529E+00    0.925379345558100197E+00
    0.571751273792158749E-34   -0.624715461157573149E+00    0.938413000631545868E+00
    0.603475488645358262E-34   -0.732718188346177524E+00    0.940029087199619195E+00
    0.633099345821404101E-34   -0.828562048101138537E+00    0.952837013387276333E+00
    0.547395939639300498E-34   -0.537652097671247442E+00    0.904403499354356377E+00
    0.554141010085716143E-34   -0.562145709991455078E+00    0.863995492458343506E+00
    0.549360079147320040E-34   -0.544815556359107611E+00    0.913284037611518218E+00
    0.547285452177071841E-34   -0.537248373031616211E+00    0.945668756961822510E+00
    0.546366977010056762E-34   -0.533889077670729351E+00    0.946630176236828325E+00
    0.605819908458654377E-34   -0.740472861872696342E+00    0.993856480577367529E+00
    0.628738945154478540E-34   -0.814739617590758303E+00    0.860985558486858871E+00
    0.586515889564611953E-34   -0.675706859407201099E+00    0.871414039786610917E+00
    0.671669750277260779E-34   -0.946840892961870351E+00    0.989777535910670969E+00
    0.687726844398967815E-34   -0.994090800804138142E+00    0.905351727664778116E+00
    0.707399476231977515E-34   -0.105049841230713770E+01    0.925344593305712060E+00
    0.697693535920559611E-34   -0.102286723171344973E+01    0.983690771486381843E+00
    0.719378061961043334E-34   -0.108408141136169434E+01    0.981650233268737793E+00
    0.725084563382865498E-34   -0.109988391399383545E+01    0.965364158153533936E+00
    0.714834585904290750E-34   -0.107140967467702852E+01    0.939872370356042652E+00
    0.714349218645951778E-34   -0.107005122861725765E+01    0.924151478131585824E+00
    0.730032893723701456E-34   -0.111348652563607908E+01    0.998673527088077551E+00
    0.725301045215991746E-34   -0.110048094648907013E+01    0.929887044964530229E+00
    0.613688568534738562E-34   -0.766282503788102920E+00    0.982426965999610324E+00
    0.611278845264947146E-34   -0.758413800176852559E+00    0.915131025488147398E+00
    0.539254457603445410E-34   -0.507682442665100098E+00    0.862016797065734863E+00
    0.512099238139252803E-34   -0.404344201087951660E+00    0.873620748519897461E+00
    0.510771207138466332E-34   -0.399150848388671875E+00    0.890083253383636475E+00
    0.541602680351825060E-34   -0.516372680664062500E+00    0.857832014560699463E+00
    0.525120520621025115E-34   -0.454562938257980220E+00    0.873682475438979034E+00
    0.480441557440044114E-34   -0.276718524343026351E+00    0.901063780434904538E+00
    0.508091094013997151E-34   -0.388628840446472168E+00    0.934346377849578857E+00
    0.488839142562832074E-34   -0.311374306678771973E+00    0.983636200428009033E+00
    0.502333610419374139E-34   -0.365836262702941895E+00    0.949232280254364014E+00
    0.526819662493706438E-34   -0.461023926734924316E+00    0.927084803581237793E+00
    0.507444203358533050E-34   -0.386080861091613770E+00    0.963347315788269043E+00
    0.512775199302478892E-34   -0.406982421875000000E+00    0.984052121639251709E+00
    0.515013181204522774E-34   -0.415692329406738281E+00    0.946069836616516113E+00
    0.533898942585165340E-34   -0.487720489501953125E+00    0.943820476531982422E+00
    0.477087943103863006E-34   -0.262709021568298340E+00    0.978605031967163086E+00
    0.525641062668888791E-34   -0.456544518470764160E+00    0.962728679180145264E+00
    0.503653902554255925E-34   -0.371086001396179199E+00    0.935245454311370850E+00
    0.493467694692887859E-34   -0.330222129821777344E+00    0.952284693717956543E+00
    0.511431182242321441E-34   -0.401733410129544055E+00    0.992167015320301826E+00
    0.503023340051733006E-34   -0.368580481023592088E+00    0.969961459881161669E+00
    0.508124368196739900E-34   -0.388759813390658127E+00    0.917632785822212638E+00
    0.504312678798466593E-34   -0.373700279885948117E+00    0.938019371032175697E+00
    0.533238223129680912E-34   -0.485243883640428475E+00    0.915506293585883091E+00
    0.521304573281421371E-34   -0.439976268741439080E+00    0.950476103252480442E+00
    0.508874325025484132E-34   -0.391709500424419654E+00    0.993791858877170475E+00
    0.679687107324904969E-34   -0.970572451566694361E+00    0.926460215943519350E+00
    0.455435172572460774E-34   -0.169814109802246094E+00    0.948816537857055664E+00
    0.427960373625628822E-34   -0.453685522079467773E-01    0.949692845344543457E+00
    0.424016915432429430E-34   -0.268540382385253906E-01    0.989837586879730225E+00
    0.435763409083087182E-34   -0.815062522888183594E-01    0.954985916614532471E+00
    0.429688068207374035E-34   -0.534263849258422852E-01    0.925054371356964111E+00
    0.466126805415858665E-34   -0.216222763061523438E+00    0.869662165641784668E+00
    0.426621087538898823E-34   -0.390998125076293945E-01    0.905135452747344971E+00
    0.457242904509583931E-34   -0.177736878395080566E+00    0.906379759311676025E+00
    0.467099067388827172E-34   -0.220390081405639648E+00    0.850900471210479736E+00
    0.434128515372426128E-34   -0.739885568618774414E-01    0.892262518405914307E+00
    0.452007509848729308E-34   -0.154704928398132324E+00    0.982733249664306641E+00
    0.459277444166094443E-34   -0.186616301536560059E+00    0.883323669433593750E+00
    0.450345331103942477E-34   -0.147336721420288086E+00    0.882077455520629883E+00
    0.427099234936616785E-34   -0.413401126861572266E-01    0.894304335117340088E+00
    0.465023103703841580E-34   -0.211481519065928103E+00    0.914994613696581416E+00
    0.433948961057672493E-34   -0.731611914610184461E-01    0.907224572173485733E+00
    0.438218395382376966E-34   -0.927421509935084931E-01    0.959073133207167694E+00
    0.438067847234780763E-34   -0.920549410762155906E-01    0.887196426819604533E+00
    0.468287297876775974E-34   -0.225471323430179643E+00    0.921882539668515411E+00
    0.472771779847334545E-34   -0.244532893623367359E+00    0.870729178089604039E+00
    0.434520020101579089E-34   -0.757913792447966750E-01    0.897648990164857996E+00
    0.436745266259420131E-34   -0.860075603837142377E-01    0.893940138688323893E+00
    0.437205307505451029E-34   -0.881131315788312164E-01    0.873958716670254265E+00
    0.429128105640120486E-34   -0.508183173851671777E-01    0.908150573922170912E+00
    0.104845914790962825E-33   -0.183746111392974854E+01    0.888108074665069580E+00
    0.109227837524207026E-33   -0.191934943199157715E+01    0.880666077136993408E+00
    0.947227787281690087E-34   -0.163438653945922852E+01    0.938121914863586426E+00
    0.932630541776122867E-34   -0.160332560539245605E+01    0.872595965862274170E+00
    0.950870745547924997E-34   -0.164206361770629883E+01    0.860086560249328613E+00
    0.985165672166109198E-34   -0.171292698383331299E+01    0.999555349349975586E+00
    0.109299222282481058E-33   -0.192065608501434326E+01    0.956465363502502441E+00
    0.108171012337743166E-33   -0.189990437030792236E+01    0.874035775661468506E+00
    0.925116972762992191E-34   -0.158714771270751953E+01    0.879194855690002441E+00
    0.977804400418353403E-34   -0.169792664051055908E+01    0.984591960906982422E+00
    0.110563695424420687E-33   -0.194366109371185303E+01    0.984685003757476807E+00
    0.954064877772546859E-34   -0.164877068996429443E+01    0.897029042243957520E+00
    0.101446704794092023E-33   -0.177154469490051270E+01    0.934636533260345459E+00
    0.944211776858165695E-34   -0.162800830134494579E+01    0.930171332290979369E+00
    0.101093116027525911E-33   -0.176456159154144654E+01    0.987998388219317847E+00
    0.935105030666436796E-34   -0.160862505007747436E+01    0.899079053633833669E+00
    0.107756978581001900E-33   -0.189223451217789096E+01    0.850793273591495480E+00
    0.106632513305050969E-33   -0.187125446175759280E+01    0.866998765916142999E+00
    0.110505192369901668E-33   -0.194260254483201789E+01    0.951885685854554353E+00
    0.990340292459461855E-34   -0.172340456723882873E+01    0.853007752444110090E+00
    0.110543767488157110E-33   -0.194330058238302161E+01    0.911576402944783926E+00
    0.984947067580733244E-34   -0.171248314205338192E+01    0.903930256956723022E+00
    0.981543236857875764E-34   -0.170555946871604958E+01    0.851175998069847450E+00
    0.103668823452317015E-33   -0.181488038218060233E+01    0.944580519459244483E+00
    0.101163461125789670E-33   -0.176595279675396655E+01    0.983644832454289575E+00
    0.989083891955263213E-34   -0.172086564570230016E+01    0.874189802494809376E+00
    0.940600090992740963E-34   -0.162034347209051877E+01    0.889569310352367748E+00
    0.508453578364484481E-34   -0.390055179595947266E+00    0.787350058555603027E+00
    0.110841870627690500E-33   -0.194868671894073486E+01    0.786317229270935059E+00
    0.113579710304827894E-33   -0.199748729330550479E+01    0.788649806014161792E+00
    0.104494094883904011E-33   -0.183073864861907176E+01    0.785662969208888562E+00
    0.514732992216930336E-34   -0.414603948593139648E+00    0.783729851245880127E+00
    0.471510701368182796E-34   -0.239190936088562012E+00    0.781812131404876709E+00
    0.103916927657816377E-33   -0.181966114044189453E+01    0.776981770992279053E+00
    0.924082736795950588E-34   -0.158491055883056364E+01    0.777937845207344325E+00
    0.110563688834311089E-33   -0.194366097450256348E+01    0.772379100322723389E+00
    0.881439093157115217E-34   -0.149041914939880371E+01    0.775056004524230957E+00
    0.113168071666824221E-33   -0.199022567272186279E+01    0.764238476753234863E+00
    0.113182686982594332E-33   -0.199048395002346235E+01    0.762832551282518367E+00
    0.922069283772521607E-34   -0.158054807123624608E+01    0.766471939691839799E+00
    0.108459030736838261E-33   -0.190522253513336182E+01    0.758385777473449707E+00
    0.106522398112134921E-33   -0.186918807347725502E+01    0.762082956969223790E+00
    0.106921156608609808E-33   -0.187666094303131104E+01    0.750642418861389160E+00
    0.977134099500722780E-34   -0.169655513763427734E+01    0.754820942878723145E+00
    0.110949382974346457E-33   -0.195062570171541116E+01    0.752904457843497021E+00
    0.953394536591936304E-34   -0.164736496420540868E+01    0.754944918996753200E+00
    0.103614991874158176E-33   -0.181384158271073836E+01    0.752994468372508607E+00
    0.103126181289709912E-33   -0.180438412461817022E+01    0.755427910036682193E+00
    0.923013568352987687E-34   -0.158259520892836703E+01    0.753162103697233576E+00
    0.873323394238114906E-34   -0.147191919434835028E+01    0.754007698420955275E+00
    0.103511436104241480E-33   -0.181184172630310059E+01    0.736292243003845215E+00
    0.935370432292255859E-34   -0.160919260978698730E+01    0.739465832710266113E+00
    0.953276633071366609E-34   -0.164711761474609375E+01    0.723819255828857422E+00
    0.890416517256350592E-34   -0.151068603992462158E+01    0.726926803588867188E+00
    0.891630326338614258E-34   -0.151341056823730469E+01    0.720767319202423096E+00
    0.866219563903395118E-34   -0.145558416843414307E+01    0.719372034072875977E+00
    0.930754578570111619E-34   -0.159929860352510533E+01    0.714271353680992260E+00
    0.104749494904736266E-33   -0.183562099933624268E+01    0.708267807960510254E+00
    0.100027407429264212E-33   -0.174336597103712676E+01    0.706071772541590481E+00
    0.102238138023391743E-33   -0.178708708286285400E+01    0.695845007896423340E+00
    0.107122975737968251E-33   -0.188043248653411865E+01    0.693340182304382324E+00
    0.859913223301567228E-34   -0.144097030162811279E+01    0.686970293521881104E+00
    0.925718925179951235E-34   -0.158844864368438721E+01    0.689404547214508057E+00
    0.866038055934825592E-34   -0.145516504377933420E+01    0.687287355453432225E+00
    0.932127874911256371E-34   -0.160224735981910382E+01    0.685780987913527706E+00
    0.881723841826429931E-34   -0.149106514453887939E+01    0.680399358272552490E+00
    0.104535484912717012E-33   -0.183153069019317627E+01    0.679446935653686523E+00
    0.102266758832391433E-33   -0.178764688968658447E+01    0.671087205410003662E+00
    0.897774108078291527E-34   -0.152714431285858154E+01    0.677231132984161377E+00
    0.956588598736868459E-34   -0.165405416488647461E+01    0.664418995380401611E+00
    0.100675596517160257E-33   -0.175628438937189357E+01    0.664884697726013996E+00
    0.955635515719617195E-34   -0.165206050088241319E+01    0.663513951557981208E+00
    0.912892798006485518E-34   -0.156054425239562988E+01    0.660395503044128418E+00
    0.851727290805436494E-34   -0.142184012834678120E+01    0.660278141281833819E+00
    0.935935135674457438E-34   -0.161039968875688877E+01    0.655965866536754927E+00
    0.965450297597086264E-34   -0.167249658386160571E+01    0.658147375198442575E+00
    0.112660392388218852E-33   -0.198123335838317871E+01    0.651378393173217773E+00
    0.977141321502043046E-34   -0.169656991958618164E+01    0.648348569869995117E+00
    0.103152447842184185E-33   -0.180489346584711718E+01    0.647309388788054219E+00
    0.100053580101686436E-33   -0.174388921260833740E+01    0.638982057571411133E+00
    0.956875753751081726E-34   -0.165465444785699622E+01    0.636434960603078026E+00
    0.927042742952646818E-34   -0.159130668640136719E+01    0.633141040802001953E+00
    0.964522524768325914E-34   -0.167057371139526367E+01    0.632042646408081055E+00
    0.113184018780485154E-33   -0.199050748348236084E+01    0.628873527050018311E+00
    0.881256572768547408E-34   -0.149000496470942090E+01    0.630965171329188834E+00
    0.937463486429260199E-34   -0.161366295814514160E+01    0.620387911796569824E+00
    0.112899063855077229E-33   -0.198546588420867920E+01    0.623566746711730957E+00
    0.927665356121697643E-34   -0.159264945983886719E+01    0.622540652751922607E+00
    0.113321956520785591E-33   -0.199294340610504150E+01    0.622421264648437500E+00
    0.858117542925828049E-34   -0.143678951263427734E+01    0.613305032253265381E+00
    0.909285078027846280E-34   -0.155262466399503185E+01    0.615192339438321856E+00
    0.949103748360697325E-34   -0.163834357261657715E+01    0.608991503715515137E+00
    0.102736585228470036E-33   -0.179681410051030843E+01    0.611397388278093312E+00
    0.111084224146240299E-33   -0.195305490493774414E+01    0.606292665004730225E+00
    0.862761618403798446E-34   -0.144758419678484174E+01    0.602951961769272127E+00
    0.113615588366293784E-33   -0.199811896239328601E+01    0.603869853076365204E+00
    0.107854637064895393E-33   -0.189404626040452295E+01    0.605026779577087170E+00
    0.858488700396210189E-34   -0.143765437602996826E+01    0.593007266521453857E+00
    0.101182982967485319E-33   -0.176633870601654053E+01    0.590502917766571045E+00
    0.108940879981102564E-33   -0.191408822475955143E+01    0.593395395040056783E+00
    0.950171009676063753E-34   -0.164059129675062376E+01    0.590089285452799706E+00
    0.107222206677886308E-33   -0.188228428363800049E+01    0.587015211582183838E+00
    0.101979336592205154E-33   -0.178201794624328613E+01    0.582901537418365479E+00
    0.970151151782394114E-34   -0.168221111146559732E+01    0.584242369129346573E+00
    0.949083609301293624E-34   -0.163830113410949707E+01    0.575545310974121094E+00
    0.875975268987244070E-34   -0.147798305716686018E+01    0.572337410526205348E+00
    0.959409637767924624E-34   -0.165994360886577841E+01    0.571933757491533523E+00
    0.951209049951344426E-34   -0.164277505874633789E+01    0.569340765476226807E+00
    0.960007162352851390E-34   -0.166118883002710205E+01    0.567594044780474816E+00
    0.101418458569059572E-33   -0.177098774909973145E+01    0.546068906784057617E+00
    0.112922766769653105E-33   -0.198588573581642280E+01    0.546815367255821694E+00
    0.967906618792832090E-34   -0.167757856845855713E+01    0.544999063014984131E+00
    0.857795791221150776E-34   -0.143603947077133731E+01    0.540020972918120012E+00
    0.995736784477073882E-34   -0.173427323968068459E+01    0.544357264059777246E+00
    0.100000000000000000E+01   -0.158318604221149940E+03    0.108971513480762461E+01
    0.994511992942307138E-34   -0.173181165456974884E+01    0.551976626759664080E+00
    0.929678537792039736E-34   -0.159698507580170412E+01    0.550419023945565189E+00
    0.103624381493196830E-33   -0.181402281504880802E+01    0.551688902986134266E+00
    0.996302058571954702E-34   -0.173540830612182617E+01    0.548600375652313232E+00
    0.968831743679844189E-34   -0.167948925495147705E+01    0.559016466140747070E+00
    0.921187630790059572E-34   -0.157863482074418671E+01    0.557738426257059716E+00
    0.931246178390734897E-34   -0.160035467147827148E+01    0.555537760257720947E+00
    0.100600232170286454E-33   -0.175478665661605548E+01    0.562080619582504326E+00
    0.103973493642889065E-33   -0.182074952125549316E+01    0.560226142406463623E+00
    0.895542695015839958E-34   -0.152216713490494593E+01    0.524838491253502681E+00
    0.906898821941104420E-34   -0.154736912250518799E+01    0.529267370700836182E+00
    0.111009026886797293E-33   -0.195170056819915771E+01    0.529724419116973877E+00
    0.109083322284808047E-33   -0.191670155525207520E+01    0.526117801666259766E+00
    0.983892949378803502E-34   -0.171034153929525345E+01    0.526855695087822706E+00
    0.946902581808114931E-34   -0.163369977474212646E+01    0.521601915359497070E+00
    0.981795142686239981E-34   -0.170607268810272217E+01    0.519184529781341553E+00
    0.874875524144507132E-34   -0.147547057582538410E+01    0.517874808762234018E+00
    0.915159500209645263E-34   -0.156550407409667969E+01    0.505114853382110596E+00
    0.865895383725226758E-34   -0.145483553409576416E+01    0.504984557628631592E+00
    0.926836495051716246E-34   -0.159086167812347412E+01    0.502286016941070557E+00
    0.977346371342442419E-34   -0.169698956887207619E+01    0.500518220606094966E+00
    0.905515681580333927E-34   -0.154431653022766113E+01    0.499947965145111084E+00
    0.846509973516571127E-34   -0.140955130672468543E+01    0.496718632891869627E+00
    0.107781063193761963E-33   -0.189268147945404053E+01    0.485714495182037354E+00
    0.102204401844130202E-33   -0.178642702102661133E+01    0.488746464252471924E+00
    0.933534382639462534E-34   -0.160526292812784721E+01    0.483534617718895887E+00
    0.101027912848845354E-33   -0.176327121257781982E+01    0.479374766349792480E+00
    0.929390446050315873E-34   -0.159636521339416504E+01    0.469376266002655029E+00
    0.942817446105713411E-34   -0.162505269050598145E+01    0.468180358409881592E+00
    0.100151282415067797E-33   -0.174584125952485847E+01    0.469402307811593644E+00
    0.928581014699101322E-34   -0.159462260018503899E+01    0.464100694427566796E+00
    0.972455440692661174E-34   -0.168695584979794289E+01    0.465565837921113335E+00
    0.900662598165751956E-34   -0.153356876485324323E+01    0.460887786322901283E+00
    0.101470386414617323E-33   -0.177201151847839355E+01    0.453535795211791992E+00
    0.109244049838530655E-33   -0.191964626312255859E+01    0.453640460968017578E+00
    0.968504662874576791E-34   -0.167881393432617188E+01    0.446404516696929932E+00
    0.109490669074386272E-33   -0.192415618896484375E+01    0.453236520290374756E+00
    0.897409394237600707E-34   -0.152633166313171387E+01    0.442456424236297607E+00
    0.100503822846741719E-33   -0.175286905568210627E+01    0.437102956856638858E+00
    0.952060388131976397E-34   -0.164456427097320557E+01    0.435078263282775879E+00
    0.875855888340459407E-34   -0.147771047234275055E+01    0.436423645965484441E+00
    0.932133929736214354E-34   -0.160226035118103027E+01    0.421284258365631104E+00
    0.941863154265404517E-34   -0.162302732467651367E+01    0.420705139636993408E+00
    0.918634664496595653E-34   -0.157308435440063477E+01    0.422365546226501465E+00
    0.866050241373385482E-34   -0.145519318423519195E+01    0.425924649950322587E+00
    0.861472358017361201E-34   -0.144459327874393084E+01    0.425505872013958064E+00
    0.897537594557471600E-34   -0.152661735473351223E+01    0.422250489688882291E+00
    0.949656324890434322E-34   -0.163950765132904053E+01    0.408684432506561279E+00
    0.968405985088164117E-34   -0.167861015045705142E+01    0.409235660337560980E+00
    0.874512435875186884E-34   -0.147464036941528320E+01    0.407020270824432373E+00
    0.106140928834690428E-33   -0.186201298236846924E+01    0.403651952743530273E+00
    0.923094069450808805E-34   -0.158276963233947754E+01    0.400306701660156250E+00
    0.865726218126094810E-34   -0.145444476604461670E+01    0.398237943649291992E+00
    0.934286653510664786E-34   -0.160687394095468616E+01    0.399507004388900411E+00
    0.967365852249198210E-34   -0.167646086215972900E+01    0.392263174057006836E+00
    0.105549379851580177E-33   -0.185083532333374023E+01    0.393844425678253174E+00
    0.112486401827882251E-33   -0.197814220897413895E+01    0.392030371252354903E+00
    0.111395873464511662E-33   -0.195865809417508530E+01    0.395207255222268461E+00
    0.110737248173936661E-33   -0.194679804888745744E+01    0.383071184102324491E+00
    0.958041742223325212E-34   -0.165709003815013989E+01    0.381427737379242682E+00
    0.931417944614074132E-34   -0.160072353287782887E+01    0.378525093195900220E+00
    0.937229055106945427E-34   -0.161316275596618652E+01    0.377292871475219727E+00
    0.874083812799186410E-34   -0.147365987300872803E+01    0.379076838493347168E+00
    0.976741803729386731E-34   -0.169575202465057373E+01    0.370435357093811035E+00
    0.108064880645942028E-33   -0.189794111251831055E+01    0.369902551174163818E+00
    0.111434182682831010E-33   -0.195934577911956120E+01    0.371982326243207817E+00
    0.105977123294064230E-33   -0.185892403125762939E+01    0.361844539642333984E+00
    0.100450719730869006E-33   -0.175181203818097986E+01    0.362813771348305059E+00
    0.894582962104231516E-34   -0.152002263069152832E+01    0.356874883174896240E+00
    0.999748013899877154E-34   -0.174231386184692383E+01    0.351727545261383057E+00
    0.111685428771410946E-33   -0.196385002136230469E+01    0.350197732448577881E+00
    0.979219147336740266E-34   -0.170081827084676829E+01    0.354131111362740558E+00
    0.893719546591928783E-34   -0.151809137895935620E+01    0.353178860861227961E+00
    0.887363169709898519E-34   -0.150381600856781006E+01    0.346750617027282715E+00
    0.971249324991775019E-34   -0.168447375297546387E+01    0.344991087913513184E+00
    0.103381225218209831E-33   -0.180932426817014069E+01    0.343628394150770178E+00
    0.988810717867188120E-34   -0.172031319141387939E+01    0.337826132774353027E+00
    0.108571587148874654E-33   -0.190729701519012451E+01    0.338869452476501465E+00
    0.107988367336509582E-33   -0.189652454853057861E+01    0.324948430061340332E+00
    0.112859892617388188E-33   -0.198477184772491455E+01    0.322669088840484619E+00
    0.925055106328419009E-34   -0.158701395988464355E+01    0.316111028194427490E+00
    0.940889409474310671E-34   -0.162095855600948058E+01    0.312774049307244950E+00
    0.100756631335616423E-33   -0.175789356231689453E+01    0.306651294231414795E+00
    0.107462790151133333E-33   -0.188676682461683498E+01    0.305340925222903958E+00
    0.922106338299119031E-34   -0.158062844216440612E+01    0.288855052385417588E+00
    0.110663719197093296E-33   -0.194546961784362793E+01    0.297774374485015869E+00
    0.104718470439628823E-33   -0.183502855618565386E+01    0.287210930764471239E+00
    0.984472870663200584E-34   -0.171152002206562948E+01    0.282970679773652201E+00
    0.104841752837435431E-33   -0.183738172054290771E+01    0.281624436378479004E+00
    0.936150972537719204E-34   -0.161086085742489349E+01    0.278735235775960988E+00
    0.974252304922819559E-34   -0.169064795970916748E+01    0.273178517818450928E+00
    0.112416302050969212E-33   -0.197689545154571533E+01    0.261448502540588379E+00
    0.111612472245079720E-33   -0.196254312992095947E+01    0.256610035896301270E+00
    0.962866625459643343E-34   -0.166713714599609375E+01    0.253573775291442871E+00
    0.100614609869331727E-33   -0.175507247447967529E+01    0.251726627349853516E+00
    0.104805198410886533E-33   -0.183668427320678007E+01    0.253635323754763164E+00
    0.106822055004038409E-33   -0.187480635104825888E+01    0.254270911031859170E+00
    0.958810966930377635E-34   -0.165869522094726562E+01    0.236390888690948486E+00
    0.977131245660076308E-34   -0.169654929637908936E+01    0.225535690784454346E+00
    0.101104176757380226E-33   -0.176478040218353271E+01    0.221774160861968994E+00
    0.108068204340166506E-33   -0.189800262451171875E+01    0.222301602363586426E+00
    0.103446819662182378E-33   -0.181059284751024197E+01    0.218479223510221199E+00
    0.110688239511642351E-33   -0.194591271877288818E+01    0.216453313827514648E+00
    0.111989766652777432E-33   -0.196929252147674561E+01    0.215440750122070312E+00
    0.107454103152832073E-33   -0.188660514354705811E+01    0.191819727420806885E+00
    0.100690759837711853E-33   -0.175658559799194336E+01    0.200300931930541992E+00
    0.106405269718750534E-33   -0.186698773180458066E+01    0.187276973546047082E+00
    0.100462712615417858E-33   -0.175205080538383062E+01    0.185548375145987904E+00
    0.106066884101254796E-33   -0.186061728000640869E+01    0.176801919937133789E+00
    0.104326167495326383E-33   -0.182752196029843761E+01    0.174483316899447627E+00
    0.103321360041963965E-33   -0.180816578865051270E+01    0.168852627277374268E+00
    0.104102511596100114E-33   -0.182322972976578779E+01    0.166683745158812513E+00
    0.104960868231439170E-33   -0.183965271994598889E+01    0.163884459136288185E+00
    0.104266014247866082E-33   -0.182636845111846924E+01    0.161678552627563477E+00
    0.110427227365583680E-33   -0.194119098182741956E+01    0.155178218005441959E+00
    0.111689694577690707E-33   -0.196392640956913289E+01    0.161650890663538632E+00
    0.109618460362815005E-33   -0.192648911417424240E+01    0.133213002496053251E+00
    0.108140232898697217E-33   -0.189933520083694596E+01    0.143152015230365581E+00
    0.111712992029147528E-33   -0.196434354782104492E+01    0.122698903083801270E+00
    0.110649334099811335E-33   -0.194520962238311768E+01    0.124930322170257568E+00
    0.119047301337145691E-28   -0.251173702642417851E+02    0.554382351876061885E+00
