    0.119930863380432129E+00    0.786653757095336914E-01    0.252176029042263039E-44   -0.599146350544150419E+01    1
    0.106323182582855225E+00    0.821250081062316895E-01    0.103751117174974995E-40   -0.599396350544151169E+01    1
    0.617716908454895020E-01    0.145365178585052490E+00    0.195384262560909080E-36   -0.599646350544151474E+01    1
    0.609308481216430664E-01    0.151460707187652588E+00    0.306007231655895249E-33   -0.599896350544151957E+01    1
    0.252839326858520508E-01    0.159840166568756104E+00    0.601541089720079867E-32   -0.600146350544151552E+01    1
    0.318573117256164551E-01    0.180830240249633789E+00    0.195875303222939798E-31   -0.600396350544151858E+01    1
    0.149566233158111572E+00    0.321483612060546875E-01    0.195741080738915218E-30   -0.600646350544151630E+01    1
    0.207393109798431396E+00    0.803470611572265625E-03    0.974667927528570175E-30   -0.600896350544152469E+01    1
    0.105233371257781982E+00    0.238609313964843750E-01    0.339723508550648427E-29   -0.601146350544151886E+01    1
    0.214852750301361084E+00    0.510954856872558594E-02    0.127761543406249177E-28   -0.601396350544150859E+01    1
    0.522806644439697266E-01    0.500031709671020508E-01    0.846572769715300789E-28   -0.601646350544151520E+01    1
    0.169895887374877930E-01    0.224235534667968750E+00    0.155046329186684359E-24   -0.601896350544151559E+01    1
    0.601237416267395020E-01    0.224329710006713867E+00    0.466897722385119378E-24   -0.602146350544152753E+01    1
    0.750696063041687012E-01    0.129126906394958496E-01    0.715667958511792711E-24   -0.602396350544153325E+01    1
    0.192826628684997559E+00    0.130396962165832520E+00    0.140683182613908289E-23   -0.602646350544152298E+01    1
    0.268362581729888916E+00    0.221545338630676270E+00    0.337566423074252390E-23   -0.602896350544150561E+01    1
    0.285339355468750000E+00    0.243887960910797119E+00    0.427027737051722383E-23   -0.603146350544150955E+01    1
    0.154779255390167236E+00    0.186220943927764893E+00    0.629414015446069570E-23   -0.603396350544152682E+01    1
    0.923483967781066895E-01    0.246154248714447021E+00    0.651362435842787484E-23   -0.603646350544153165E+01    1
    0.679903030395507812E-01    0.275986790657043457E+00    0.241244644952952241E-22   -0.603896350544152227E+01    1
    0.158416152000427246E+00    0.192702233791351318E+00    0.264112947523196127E-22   -0.604146350544151556E+01    1
    0.266088426113128662E+00    0.206729948520660400E+00    0.321665314868333433E-22   -0.604396350544152039E+01    1
    0.751055479049682617E-01    0.286349356174468994E+00    0.151748592060937618E-21   -0.604646350544152966E+01    1
    0.258868932723999023E-02    0.265314459800720215E+00    0.154361884439059376E-21   -0.604896350544152206E+01    1
    0.482087731361389160E-01    0.345609903335571289E+00    0.215545069201598531E-21   -0.605146350544152156E+01    1
    0.228212594985961914E+00    0.152900516986846924E+00    0.414426594199387226E-21   -0.605396350544152995E+01    1
    0.328022241592407227E-01    0.278877258300781250E+00    0.128079288051360394E-20   -0.605646350544151790E+01    1
    0.294407427310943604E+00    0.223872244358062744E+00    0.138693904927977971E-20   -0.605896350544151829E+01    1
    0.315542340278625488E+00    0.249912679195404053E+00    0.151101368695359247E-20   -0.606146350544153112E+01    1
    0.326593399047851562E+00    0.262564957141876221E+00    0.189461095282187447E-20   -0.606396350544153950E+01    1
    0.304354250431060791E+00    0.262704789638519287E+00    0.258193006610729043E-20   -0.606646350544153368E+01    1
    0.138946831226348877E+00    0.239857792854309082E+00    0.852397969219668973E-20   -0.606896350544153407E+01    1
    0.338603138923645020E+00    0.264315009117126465E+00    0.106734846609893726E-19   -0.607146350544153712E+01    1
    0.293723404407501221E+00    0.213803648948669434E+00    0.312798718491962397E-19   -0.607396350544151886E+01    1
    0.676550865173339844E-01    0.349429011344909668E+00    0.482647367487929639E-19   -0.607646350544150149E+01    1
    0.122323751449584961E+00    0.272413909435272217E+00    0.629769998965652549E-19   -0.607896350544150277E+01    1
    0.714756250381469727E-01    0.371333003044128418E+00    0.698354859119277657E-19   -0.608146350544151737E+01    1
    0.366246581077575684E+00    0.284238398075103760E+00    0.101402955538558072E-18   -0.608396350544153197E+01    1
    0.296225726604461670E+00    0.267862975597381592E+00    0.170252246850244881E-18   -0.608646350544153236E+01    1
    0.827543139457702637E-01    0.359352052211761475E+00    0.190580631989378344E-18   -0.608896350544152032E+01    1
    0.449648678302764893E+00    0.357713580131530762E+00    0.384872057180240587E-18   -0.609146350544151804E+01    1
    0.903187394142150879E-01    0.346686661243438721E+00    0.520628416679155335E-18   -0.609396350544151844E+01    1
    0.117039680480957031E+00    0.301770210266113281E+00    0.584063991862316290E-18   -0.609646350544151083E+01    1
    0.327375352382659912E+00    0.289312541484832764E+00    0.742259972449220248E-18   -0.609896350544150234E+01    1
    0.414383411407470703E-02    0.346206009387969971E+00    0.835003883181320573E-18   -0.610146350544149918E+01    1
    0.434784531593322754E+00    0.320440053939819336E+00    0.137003532266635693E-17   -0.610396350544150579E+01    1
    0.211076557636260986E+00    0.262413978576660156E+00    0.223710449463168169E-17   -0.610646350544152394E+01    1
    0.309100091457366943E+00    0.320029258728027344E-01    0.256773640936638289E-17   -0.610896350544153233E+01    1
    0.656416416168212891E-01    0.443998336791992188E+00    0.368028983929219313E-17   -0.611146350544151318E+01    1
    0.138505458831787109E+00    0.300624489784240723E+00    0.370443272263124965E-17   -0.611396350544150202E+01    1
    0.534548819065093994E+00    0.435567975044250488E+00    0.409003329818362038E-17   -0.611646350544151840E+01    1
    0.194184839725494385E+00    0.273775458335876465E+00    0.534914759650238012E-17   -0.611896350544151613E+01    1
    0.369226813316345215E+00    0.319876611232757568E+00    0.606317158506517200E-17   -0.612146350544151030E+01    1
    0.366950809955596924E+00    0.262402057647705078E+00    0.681340311881175261E-17   -0.612396350544150803E+01    1
    0.406675636768341064E+00    0.344109416007995605E+00    0.842597004581279710E-17   -0.612646350544151108E+01    1
    0.263438701629638672E+00    0.276128709316253662E+00    0.846251964087940264E-17   -0.612896350544151858E+01    1
    0.169001877307891846E+00    0.292679309844970703E+00    0.117688844567752924E-16   -0.613146350544150476E+01    1
    0.699284076690673828E-01    0.467804610729217529E+00    0.207895668510194964E-16   -0.613396350544150160E+01    1
    0.512630224227905273E+00    0.375076293945312500E+00    0.271155968767372518E-16   -0.613646350544149932E+01    1
    0.523171365261077881E+00    0.382352173328399658E+00    0.615275639129332722E-16   -0.613896350544150327E+01    1
    0.343253433704376221E+00    0.270676612854003906E-01    0.702721094181386819E-16   -0.614146350544151343E+01    1
    0.476891577243804932E+00    0.364135563373565674E+00    0.102956611395457736E-15   -0.614396350544152714E+01    1
    0.347878158092498779E+00    0.214308023452758789E+00    0.113875706944902540E-15   -0.614646350544152309E+01    1
    0.353099882602691650E+00    0.325587987899780273E+00    0.169751851920605956E-15   -0.614896350544151282E+01    1
    0.334891021251678467E+00    0.318615138530731201E+00    0.186415552370680767E-15   -0.615146350544152742E+01    1
    0.352317035198211670E+00    0.207336485385894775E+00    0.269258352758225001E-15   -0.615396350544151360E+01    1
    0.234862267971038818E+00    0.308602392673492432E+00    0.306645492227568401E-15   -0.615646350544150067E+01    1
    0.550366640090942383E-01    0.580349981784820557E+00    0.327550312842535051E-15   -0.615896350544150195E+01    1
    0.359562098979949951E+00    0.323645472526550293E-01    0.382855012200146213E-15   -0.616146350544151922E+01    1
    0.174351751804351807E+00    0.338357329368591309E+00    0.526763279693378646E-15   -0.616396350544152849E+01    1
    0.377669334411621094E-01    0.501794576644897461E+00    0.741459251904646536E-15   -0.616646350544150668E+01    1
    0.378820300102233887E+00    0.821334123611450195E-02    0.773786303596244375E-15   -0.616896350544149996E+01    1
    0.169081032276153564E+00    0.349379479885101318E+00    0.884628452723732314E-15   -0.617146350544152167E+01    1
    0.378485441207885742E+00    0.275883674621582031E-01    0.157237141958812003E-14   -0.617396350544153449E+01    1
    0.450987875461578369E+00    0.312120795249938965E+00    0.202382708384075680E-14   -0.617646350544151179E+01    1
    0.136023700237274170E+00    0.394119441509246826E+00    0.240363198428537328E-14   -0.617896350544150152E+01    1
    0.435266911983489990E+00    0.380926609039306641E+00    0.254732830687608580E-14   -0.618146350544150103E+01    1
    0.364035427570343018E+00    0.160154461860656738E+00    0.273368886480354904E-14   -0.618396350544151829E+01    1
    0.365008533000946045E+00    0.123894929885864258E+00    0.338546105672296708E-14   -0.618646350544152934E+01    1
    0.376723647117614746E+00    0.712442398071289062E-01    0.438253803749200684E-14   -0.618896350544151730E+01    1
    0.363754153251647949E+00    0.355122864246368408E+00    0.650753835093097610E-14   -0.619146350544153012E+01    1
    0.136598527431488037E+00    0.410851955413818359E+00    0.663309669291109499E-14   -0.619396350544153673E+01    1
    0.423949658870697021E+00    0.262063086032867432E+00    0.119043173789669052E-13   -0.619646350544151137E+01    1
    0.131485462188720703E-01    0.579746127128601074E+00    0.129035737609391461E-13   -0.619896350544150465E+01    1
    0.451168537139892578E+00    0.295388698577880859E+00    0.143904423140084263E-13   -0.620146350544151748E+01    1
    0.391260564327239990E+00    0.371820807456970215E+00    0.150968119696495072E-13   -0.620396350544150987E+01    1
    0.166601479053497314E+00    0.400084555149078369E+00    0.178982961680921877E-13   -0.620646350544149783E+01    1
    0.416810870170593262E+00    0.214720964431762695E-01    0.232121494192949453E-13   -0.620896350544150710E+01    1
    0.631332814693450928E+00    0.456949472427368164E+00    0.236521704490561479E-13   -0.621146350544150838E+01    1
    0.128315925598144531E+00    0.446611702442169189E+00    0.274950913121222202E-13   -0.621396350544150700E+01    1
    0.458740830421447754E+00    0.295188724994659424E+00    0.318665649566333191E-13   -0.621646350544150472E+01    1
    0.446864366531372070E-01    0.616733670234680176E+00    0.336724032675827421E-13   -0.621896350544153709E+01    1
    0.229905188083648682E+00    0.375016033649444580E+00    0.350968022144129982E-13   -0.622146350544152416E+01    1
    0.278038680553436279E+00    0.366855144500732422E+00    0.444443163767166349E-13   -0.622396350544153076E+01    1
    0.424546658992767334E+00    0.393981635570526123E+00    0.457366673429140268E-13   -0.622646350544153204E+01    1
    0.211903572082519531E+00    0.387678027153015137E+00    0.467416513520785151E-13   -0.622896350544151112E+01    1
    0.413934290409088135E+00    0.206087291240692139E+00    0.500443117254311438E-13   -0.623146350544149907E+01    1
    0.249989271163940430E+00    0.375457406044006348E+00    0.543149092300712048E-13   -0.623396350544151101E+01    1
    0.406194567680358887E+00    0.138095855712890625E+00    0.616780630815038691E-13   -0.623646350544152739E+01    1
    0.594000160694122314E+00    0.492147743701934814E+00    0.855461183438770688E-13   -0.623896350544154199E+01    1
    0.374649703502655029E+00    0.383567988872528076E+00    0.919901789313498471E-13   -0.624146350544154416E+01    1
    0.445397436618804932E+00    0.220495462417602539E-02    0.928796814123951930E-13   -0.624396350544154188E+01    1
    0.176557540893554688E+00    0.431944787502288818E+00    0.151431585712015178E-12   -0.624646350544154139E+01    1
    0.352452397346496582E-01    0.636368572711944580E+00    0.166648158683014015E-12   -0.624896350544154089E+01    1
    0.442721724510192871E+00    0.361409187316894531E-01    0.186212986916505922E-12   -0.625146350544151908E+01    1
    0.472590923309326172E-01    0.717565357685089111E+00    0.216498898210066561E-12   -0.625396350544150437E+01    1
    0.150076150894165039E-01    0.640599310398101807E+00    0.272847358920064531E-12   -0.625646350544151275E+01    1
    0.488161623477935791E+00    0.302464902400970459E+00    0.276713454286630387E-12   -0.625896350544152913E+01    1
    0.631252527236938477E-01    0.634885251522064209E+00    0.284633412840816609E-12   -0.626146350544153396E+01    1
    0.595435738563537598E+00    0.411159813404083252E+00    0.425656710568165165E-12   -0.626396350544151304E+01    1
    0.804820835590362549E+00    0.568966090679168701E+00    0.461010983503644120E-12   -0.626646350544151076E+01    1
    0.505932509899139404E+00    0.317187964916229248E+00    0.483661508606091135E-12   -0.626896350544153069E+01    1
    0.442027330398559570E+00    0.167863249778747559E+00    0.521750642573394690E-12   -0.627146350544152575E+01    1
    0.437447130680084229E+00    0.421440601348876953E+00    0.558892057429452551E-12   -0.627396350544150305E+01    1
    0.217959046363830566E+00    0.431490242481231689E+00    0.594787702092524630E-12   -0.627646350544151854E+01    1
    0.906081199645996094E-01    0.578265726566314697E+00    0.771736823113356004E-12   -0.627896350544151893E+01    1
    0.621486067771911621E+00    0.518450856208801270E+00    0.780243854710918611E-12   -0.628146350544150600E+01    1
    0.392395257949829102E-02    0.677843391895294189E+00    0.879993579947000721E-12   -0.628396350544150373E+01    1
    0.266051888465881348E-01    0.677158653736114502E+00    0.882770353294309983E-12   -0.628646350544151566E+01    1
    0.202215671539306641E+00    0.450054645538330078E+00    0.925191529810929992E-12   -0.628896350544151872E+01    1
    0.134102404117584229E+00    0.515252768993377686E+00    0.103008238339996232E-11   -0.629146350544151289E+01    1
    0.479505181312561035E+00    0.255957424640655518E+00    0.112596255242621589E-11   -0.629396350544151328E+01    1
    0.457319200038909912E+00    0.101487994194030762E+00    0.113793928355734084E-11   -0.629646350544151456E+01    1
    0.447255790233612061E+00    0.433300077915191650E+00    0.125671490297060329E-11   -0.629896350544151140E+01    1
    0.466011166572570801E+00    0.214207589626312256E+00    0.128288382404824941E-11   -0.630146350544151979E+01    1
    0.808509051799774170E+00    0.636690139770507812E+00    0.148425934600077582E-11   -0.630396350544154327E+01    1
    0.491696178913116455E+00    0.270858943462371826E+00    0.154502072380451745E-11   -0.630646350544153300E+01    1
    0.477768778800964355E+00    0.400156378746032715E-01    0.158718452836379912E-11   -0.630896350544153339E+01    1
    0.874226570129394531E+00    0.698755025863647461E+00    0.171111657792049376E-11   -0.631146350544152401E+01    1
    0.648400306701660156E+00    0.539512932300567627E+00    0.190151143427706610E-11   -0.631396350544150398E+01    1
    0.473492503166198730E+00    0.669230222702026367E-01    0.191104394767950974E-11   -0.631646350544151769E+01    1
    0.134159266948699951E+00    0.532288312911987305E+00    0.214499776790568404E-11   -0.631896350544152607E+01    1
    0.224732637405395508E+00    0.457411885261535645E+00    0.251505997866819783E-11   -0.632146350544152202E+01    1
    0.554442644119262695E+00    0.487154901027679443E+00    0.272717018729360197E-11   -0.632396350544152774E+01    1
    0.327017068862915039E+00    0.428597450256347656E+00    0.299168994725711202E-11   -0.632646350544152636E+01    1
    0.838805675506591797E+00    0.657708466053009033E+00    0.313645410051069514E-11   -0.632896350544151876E+01    1
    0.610127031803131104E+00    0.519147634506225586E+00    0.331214423088969366E-11   -0.633146350544152003E+01    1
    0.482211172580718994E+00    0.202434659004211426E+00    0.384528541589527374E-11   -0.633396350544152309E+01    1
    0.488496601581573486E+00    0.689009428024291992E-01    0.438169941570719195E-11   -0.633646350544152615E+01    1
    0.507837951183319092E+00    0.119057297706604004E-01    0.478390721117836164E-11   -0.633896350544152920E+01    1
    0.533342123031616211E+00    0.307888627052307129E+00    0.592844867958905535E-11   -0.634146350544152781E+01    1
    0.192309379577636719E+00    0.500228106975555420E+00    0.638411427311616077E-11   -0.634396350544151222E+01    1
    0.135415613651275635E+00    0.558695256710052490E+00    0.673539521275380775E-11   -0.634646350544149573E+01    1
    0.817793965339660645E+00    0.621244609355926514E+00    0.815772641247973545E-11   -0.634896350544151034E+01    1
    0.103276550769805908E+00    0.611827552318572998E+00    0.826244912437815415E-11   -0.635146350544150984E+01    1
    0.501063346862792969E+00    0.221602499485015869E+00    0.842270552213909609E-11   -0.635396350544149158E+01    1
    0.878521263599395752E+00    0.688624024391174316E+00    0.946748894973173850E-11   -0.635646350544149996E+01    1
    0.961267352104187012E+00    0.670443952083587646E+00    0.961103360191599117E-11   -0.635896350544152256E+01    1
    0.315260350704193115E+00    0.457691729068756104E+00    0.128592533283908436E-10   -0.636146350544152384E+01    1
    0.305655658245086670E+00    0.463587045669555664E+00    0.154267441459318592E-10   -0.636396350544150557E+01    1
    0.546909511089324951E+00    0.304273366928100586E+00    0.159800389094526380E-10   -0.636646350544150952E+01    1
    0.151217460632324219E+00    0.565222978591918945E+00    0.181238559852232043E-10   -0.636896350544151346E+01    1
    0.588166892528533936E+00    0.522492825984954834E+00    0.244637000335724229E-10   -0.637146350544153250E+01    1
    0.518214702606201172E+00    0.196399927139282227E+00    0.267868462145776307E-10   -0.637396350544155155E+01    1
    0.527507364749908447E+00    0.223709762096405029E+00    0.325900528544966157E-10   -0.637646350544152529E+01    1
    0.567732930183410645E+00    0.516678929328918457E+00    0.359029897667601354E-10   -0.637896350544150614E+01    1
    0.305177509784698486E+00    0.481835842132568359E+00    0.359823876858274170E-10   -0.638146350544151897E+01    1
    0.224772691726684570E-01    0.845933675765991211E+00    0.367457502898663412E-10   -0.638396350544152380E+01    1
    0.359803855419158936E+00    0.474719226360321045E+00    0.415487335600161253E-10   -0.638646350544151620E+01    1
    0.446234166622161865E+00    0.479787647724151611E+00    0.430584852545718926E-10   -0.638896350544153080E+01    1
    0.285850822925567627E+00    0.493555724620819092E+00    0.454882126774175703E-10   -0.639146350544153830E+01    1
    0.384825646877288818E+00    0.475398302078247070E+00    0.457431355963035972E-10   -0.639396350544151737E+01    1
    0.218129754066467285E-01    0.983402550220489502E+00    0.463623258334590168E-10   -0.639646350544152220E+01    1
    0.465862214565277100E+00    0.485669434070587158E+00    0.487278061066045714E-10   -0.639896350544151460E+01    1
    0.534229636192321777E+00    0.859786868095397949E-01    0.497857677499964244E-10   -0.640146350544150433E+01    1
    0.865826725959777832E+00    0.616815209388732910E+00    0.578742531193003200E-10   -0.640396350544151272E+01    1
    0.570413172245025635E+00    0.525082349777221680E+00    0.699759310992600939E-10   -0.640646350544151311E+01    1
    0.319766759872436523E+00    0.494401216506958008E+00    0.755996601169285714E-10   -0.640896350544153304E+01    1
    0.565571069717407227E+00    0.700938701629638672E-02    0.769960275745036699E-10   -0.641146350544155297E+01    1
    0.647429883480072021E+00    0.409090638160705566E+00    0.789345360854604367E-10   -0.641396350544154892E+01    1
    0.294991552829742432E+00    0.503702223300933838E+00    0.809797115745900740E-10   -0.641646350544152533E+01    1
    0.549762547016143799E+00    0.235011041164398193E+00    0.847915265150069541E-10   -0.641896350544152039E+01    1
    0.542058646678924561E+00    0.517260313034057617E+00    0.923912583647840453E-10   -0.642146350544151190E+01    1
    0.752046525478363037E+00    0.510110557079315186E+00    0.960755317613408789E-10   -0.642396350544151495E+01    1
    0.870508790016174316E+00    0.703815460205078125E+00    0.986738975988112329E-10   -0.642646350544152956E+01    1
    0.632553875446319580E+00    0.387114644050598145E+00    0.988617479414748223E-10   -0.642896350544153616E+01    1
    0.581025362014770508E+00    0.307838737964630127E+00    0.993615751607275305E-10   -0.643146350544153833E+01    1
    0.974300265312194824E+00    0.762252211570739746E+00    0.994739208468926831E-10   -0.643396350544153695E+01    1
    0.571783900260925293E+00    0.288207113742828369E+00    0.100064604143283343E-09   -0.643646350544153023E+01    1
    0.898736715316772461E-01    0.707101702690124512E+00    0.103482159770768601E-09   -0.643896350544152440E+01    1
    0.347350418567657471E+00    0.495589196681976318E+00    0.104316543574705712E-09   -0.644146350544153545E+01    1
    0.664652526378631592E+00    0.576084196567535400E+00    0.121566081444920786E-09   -0.644396350544153229E+01    1
    0.582599043846130371E-01    0.794279158115386963E+00    0.122775019819632578E-09   -0.644646350544153979E+01    1
    0.779523611068725586E+00    0.644141674041748047E+00    0.127557512550313085E-09   -0.644896350544154906E+01    1
    0.640795946121215820E+00    0.392207145690917969E+00    0.130058771664485414E-09   -0.645146350544151925E+01    1
    0.170375704765319824E+00    0.604265034198760986E+00    0.158839272612706804E-09   -0.645396350544149033E+01    1
    0.571848213672637939E+00    0.264529168605804443E+00    0.159633808722326678E-09   -0.645646350544149072E+01    1
    0.635070919990539551E+00    0.379794418811798096E+00    0.164578491805029986E-09   -0.645896350544150355E+01    1
    0.656940221786499023E+00    0.405985951423645020E+00    0.180670328707352764E-09   -0.646146350544151460E+01    1
    0.149049162864685059E-01    0.894053697586059570E+00    0.183664858993329780E-09   -0.646396350544151854E+01    1
    0.161098837852478027E-01    0.913283884525299072E+00    0.186852284931699387E-09   -0.646646350544152693E+01    1
    0.560603201389312744E+00    0.109164357185363770E+00    0.190517319124287805E-09   -0.646896350544151133E+01    1
    0.562705636024475098E+00    0.190051317214965820E+00    0.221680642411536856E-09   -0.647146350544151172E+01    1
    0.812836050987243652E+00    0.668825030326843262E+00    0.233382731507985398E-09   -0.647396350544154586E+01    1
    0.566175639629364014E+00    0.105821430683135986E+00    0.237702411596726484E-09   -0.647646350544154359E+01    1
    0.272622048854827881E+00    0.542547166347503662E+00    0.259815345992431843E-09   -0.647896350544153865E+01    1
    0.672873854637145996E-01    0.789087951183319092E+00    0.266271161378756173E-09   -0.648146350544153194E+01    1
    0.139986455440521240E+00    0.655526697635650635E+00    0.274715733287528803E-09   -0.648396350544150657E+01    1
    0.133398175239562988E-01    0.918680250644683838E+00    0.295992994676798130E-09   -0.648646350544150696E+01    1
    0.117906928062438965E+00    0.692506492137908936E+00    0.331199112327432423E-09   -0.648896350544150824E+01    1
    0.924308300018310547E-01    0.740701675415039062E+00    0.372097715354664175E-09   -0.649146350544149886E+01    1
    0.863392949104309082E-01    0.754895985126495361E+00    0.392711609473031064E-09   -0.649396350544152856E+01    1
    0.580597281455993652E+00    0.921658277511596680E-01    0.400796148697351799E-09   -0.649646350544153872E+01    1
    0.586019873619079590E+00    0.242924392223358154E+00    0.413478032153433685E-09   -0.649896350544152046E+01    1
    0.168020129203796387E+00    0.637027025222778320E+00    0.441322422765848424E-09   -0.650146350544152618E+01    1
    0.998248696327209473E+00    0.754946231842041016E+00    0.466801613324856626E-09   -0.650396350544153723E+01    1
    0.604409337043762207E+00    0.149238705635070801E-01    0.481145698694643245E-09   -0.650646350544155183E+01    1
    0.177370071411132812E+00    0.630596816539764404E+00    0.491228317355119698E-09   -0.650896350544155666E+01    1
    0.581764698028564453E+00    0.135636806488037109E+00    0.517552585006012231E-09   -0.651146350544154462E+01    1
    0.668998301029205322E+00    0.398709058761596680E+00    0.535366407644993342E-09   -0.651396350544152725E+01    1
    0.595533251762390137E+00    0.561932265758514404E+00    0.599810479633776524E-09   -0.651646350544151254E+01    1
    0.602805614471435547E-02    0.921667695045471191E+00    0.624406412654336508E-09   -0.651896350544152003E+01    1
    0.598212659358978271E+00    0.591258406639099121E-01    0.628037278382810944E-09   -0.652146350544151776E+01    1
    0.966499090194702148E+00    0.724201917648315430E+00    0.664852187166304804E-09   -0.652396350544151549E+01    1
    0.605875253677368164E+00    0.269992887973785400E+00    0.707022691462119895E-09   -0.652646350544154163E+01    1
    0.451538145542144775E+00    0.531168341636657715E+00    0.707465809153180555E-09   -0.652896350544154469E+01    1
    0.907994508743286133E-01    0.767159283161163330E+00    0.770761901172387297E-09   -0.653146350544152288E+01    1
    0.951706171035766602E+00    0.681369662284851074E+00    0.953394172666625070E-09   -0.653396350544150284E+01    1
    0.602129817008972168E+00    0.116203546524047852E+00    0.110259789162677310E-08   -0.653646350544152011E+01    1
    0.986549496650695801E+00    0.737647771835327148E+00    0.115870438454233641E-08   -0.653896350544151694E+01    1
    0.601620435714721680E+00    0.182878434658050537E+00    0.116725199945265634E-08   -0.654146350544151645E+01    1
    0.446450293064117432E+00    0.541801750659942627E+00    0.118370269343724744E-08   -0.654396350544152305E+01    1
    0.608333408832550049E+00    0.921383500099182129E-01    0.123447913977387979E-08   -0.654646350544150213E+01    1
    0.259233117103576660E+00    0.594746232032775879E+00    0.128599146878413503E-08   -0.654896350544151318E+01    1
    0.384061038494110107E+00    0.548638820648193359E+00    0.132386133909105009E-08   -0.655146350544153577E+01    1
    0.970798254013061523E+00    0.668906211853027344E+00    0.134805402177759380E-08   -0.655396350544152639E+01    1
    0.445257902145385742E+00    0.544697701930999756E+00    0.135294278929176724E-08   -0.655646350544151346E+01    1
    0.961425662040710449E+00    0.708160936832427979E+00    0.137134828229041474E-08   -0.655896350544154050E+01    1
    0.956016957759857178E+00    0.696735084056854248E+00    0.143274738694162293E-08   -0.656146350544153023E+01    1
    0.689516842365264893E+00    0.399743318557739258E+00    0.158971121432690578E-08   -0.656396350544149687E+01    1
    0.359240055084228516E+00    0.559256911277770996E+00    0.164066004633942016E-08   -0.656646350544152924E+01    1
    0.611033856868743896E+00    0.130017220973968506E+00    0.164804519689125284E-08   -0.656896350544153496E+01    1
    0.731055498123168945E+00    0.452229738235473633E+00    0.167780588053712401E-08   -0.657146350544153623E+01    1
    0.695927858352661133E+00    0.406027019023895264E+00    0.176476189689562818E-08   -0.657396350544153485E+01    1
    0.611979663372039795E+00    0.152783811092376709E+00    0.179129295853075484E-08   -0.657646350544153258E+01    1
    0.613372683525085449E+00    0.170574784278869629E+00    0.189486329270078294E-08   -0.657896350544154984E+01    1
    0.589742779731750488E+00    0.577045977115631104E+00    0.190696971036486010E-08   -0.658146350544153069E+01    1
    0.257683515548706055E+00    0.610499739646911621E+00    0.210367245671607832E-08   -0.658396350544152664E+01    1
    0.776256680488586426E+00    0.663883805274963379E+00    0.237921794278762421E-08   -0.658646350544151371E+01    1
    0.627066493034362793E+00    0.829610228538513184E-01    0.239862793844975387E-08   -0.658896350544149989E+01    1
    0.669422984123229980E+00    0.352864384651184082E+00    0.246234562929896201E-08   -0.659146350544150383E+01    1
    0.543426275253295898E+00    0.568957686424255371E+00    0.247564050327974311E-08   -0.659396350544150245E+01    1
    0.903582155704498291E+00    0.613137066364288330E+00    0.254079007754978702E-08   -0.659646350544153037E+01    1
    0.232517004013061523E+00    0.635673642158508301E+00    0.270042845444193866E-08   -0.659896350544154586E+01    1
    0.216481804847717285E+00    0.649167537689208984E+00    0.277141540733733203E-08   -0.660146350544153382E+01    1
    0.282440483570098877E+00    0.605449378490447998E+00    0.287616018125937638E-08   -0.660396350544152799E+01    1
    0.452890872955322266E+00    0.562953054904937744E+00    0.302959572911970960E-08   -0.660646350544152128E+01    1
    0.227527490919702868E+00    0.644639197379655693E+00    0.317191351031144237E-08   -0.660896350544152167E+01    1
    0.650720596313476562E-01    0.875638127326965332E+00    0.330753529034076351E-08   -0.661146350544150341E+01    1
    0.630670647126562067E+00    0.210037229208703602E+00    0.334217077257479215E-08   -0.661396350544151090E+01    1
    0.409324526786804199E+00    0.569027602672576904E+00    0.345583733591025782E-08   -0.661646350544152284E+01    1
    0.633381724357604980E+00    0.214271664619445801E+00    0.363789159145573157E-08   -0.661896350544151524E+01    1
    0.631636917591094971E+00    0.183978855609893799E+00    0.376069759318221124E-08   -0.662146350544153428E+01    1
    0.520166060631330418E+00    0.572950316974890628E+00    0.378974748644936802E-08   -0.662396350544155332E+01    1
    0.635238111019134521E+00    0.209201395511627197E+00    0.399797458036192474E-08   -0.662646350544154661E+01    1
    0.288569986820220947E+00    0.612392783164978027E+00    0.402689532484796046E-08   -0.662896350544150970E+01    1
    0.638229559724731277E+00    0.229108150765766877E+00    0.403627522392645954E-08   -0.663146350544149499E+01    1
    0.419914066791534424E+00    0.571971952915191650E+00    0.407780432514547321E-08   -0.663396350544150870E+01    1
    0.681452035903930664E+00    0.353756070137023926E+00    0.415874766399053171E-08   -0.663646350544150021E+01    1
    0.365945936895357260E+00    0.583118529111312567E+00    0.423901213895981195E-08   -0.663896350544151659E+01    1
    0.789397418498992920E+00    0.677019715309143066E+00    0.436508558969636420E-08   -0.664146350544151787E+01    1
    0.478158414363861084E+00    0.572346985340118408E+00    0.445658997968361430E-08   -0.664396350544149605E+01    1
    0.665432929992675781E+00    0.308255374431610107E+00    0.505065118722645250E-08   -0.664646350544150177E+01    1
    0.640994846820831299E+00    0.611379146575927734E+00    0.549639888946791605E-08   -0.664896350544150394E+01    1
    0.852783024311065674E+00    0.560156941413879395E+00    0.581952364896407261E-08   -0.665146350544150700E+01    1
    0.480596661567687988E+00    0.580238819122314453E+00    0.624769769985836056E-08   -0.665396350544153758E+01    1
    0.798975288867950439E+00    0.503820896148681641E+00    0.650549197700318851E-08   -0.665646350544154952E+01    1
    0.657150447368621826E+00    0.666592717170715332E-01    0.651255407154434367E-08   -0.665896350544153570E+01    1
    0.653602123260498047E+00    0.953549742698669434E-01    0.695759502766848187E-08   -0.666146350544152188E+01    1
    0.154039084911346436E+00    0.747890532016754150E+00    0.774824760510575626E-08   -0.666396350544151161E+01    1
    0.842595458030700684E+00    0.545067965984344482E+00    0.846523063009358417E-08   -0.666646350544151556E+01    1
    0.655243873596191406E+00    0.206272423267364502E+00    0.855134027416739024E-08   -0.666896350544149996E+01    1
    0.657465338706970215E+00    0.175061404705047607E+00    0.985638599628539624E-08   -0.667146350544150746E+01    1
    0.658992826938629150E+00    0.159621834754943848E+00    0.103976051802072303E-07   -0.667396350544151140E+01    1
    0.448756277561187744E+00    0.593397676944732666E+00    0.104050958393191522E-07   -0.667646350544149936E+01    1
    0.671045720577239990E+00    0.702320933341979980E-01    0.110165644618910700E-07   -0.667896350544150152E+01    1
    0.661201477050781250E+00    0.157346725463867188E+00    0.112276251129087930E-07   -0.668146350544149747E+01    1
    0.683525502681732178E+00    0.302484333515167236E+00    0.113243207964257582E-07   -0.668396350544151296E+01    1
    0.662875697559882959E+00    0.200105174557309445E+00    0.114982627349209640E-07   -0.668646350544152668E+01    1
    0.718028306961059570E+00    0.653401374816894531E+00    0.115731600742879048E-07   -0.668896350544152263E+01    1
    0.724184632301330566E+00    0.388965666294097900E+00    0.116277355609304035E-07   -0.669146350544153190E+01    1
    0.123700976371765137E+00    0.805587828159332275E+00    0.120254930767138766E-07   -0.669396350544152785E+01    1
    0.831330239772796631E+00    0.527294993400573730E+00    0.123706627048310181E-07   -0.669646350544153623E+01    1
    0.928217828273773193E+00    0.767692267894744873E+00    0.124217491831192668E-07   -0.669896350544153307E+01    1
    0.643568217754364014E+00    0.625977039337158203E+00    0.125732641814617254E-07   -0.670146350544152813E+01    1
    0.696699610243094680E+00    0.329556485162177226E+00    0.127087395828272420E-07   -0.670396350544153474E+01    1
    0.341847360134124756E+00    0.624072015285491943E+00    0.130356515225682646E-07   -0.670646350544153957E+01    1
    0.135595202445983887E+00    0.793778419494628906E+00    0.139833566118305288E-07   -0.670896350544154174E+01    1
    0.446062862873077393E+00    0.601567506790161133E+00    0.140780722120828888E-07   -0.671146350544151993E+01    1
    0.669433474540710449E+00    0.198746979236602783E+00    0.145888604460250300E-07   -0.671396350544151943E+01    1
    0.415356397628784180E+00    0.607313394546508789E+00    0.149268302714801152E-07   -0.671646350544153314E+01    1
    0.415866613388061523E+00    0.610017597675323486E+00    0.164786800093584224E-07   -0.671896350544153709E+01    1
    0.536937338510680928E+00    0.607663870068506862E+00    0.169921561639048335E-07   -0.672146350544153126E+01    1
    0.150967121124267578E+00    0.780856609344482422E+00    0.171899175833698553E-07   -0.672396350544153432E+01    1
    0.240488588809967041E+00    0.691979169845581055E+00    0.175119294679556225E-07   -0.672646350544153382E+01    1
    0.284371554851531982E+00    0.663310229778289795E+00    0.182178426172705593E-07   -0.672896350544152355E+01    1
    0.316907286643981934E+00    0.645814955234527588E+00    0.183088981764693480E-07   -0.673146350544152305E+01    1
    0.530552685260772705E+00    0.610529720783233643E+00    0.198023883424601906E-07   -0.673396350544152700E+01    1
    0.445202708244323730E+00    0.611166477203369141E+00    0.200053257873323385E-07   -0.673646350544152295E+01    1
    0.215943276882171631E+00    0.717450916767120361E+00    0.202219823444025590E-07   -0.673896350544150913E+01    1
    0.290724556024525405E+00    0.663948413623234757E+00    0.207530167514728366E-07   -0.674146350544151751E+01    1
    0.921559691429138184E+00    0.767940342426300049E+00    0.211466144604961389E-07   -0.674396350544153478E+01    1
    0.914643466472625732E+00    0.763785958290100098E+00    0.211509332875493987E-07   -0.674646350544154760E+01    1
    0.404125280558487732E+00    0.621372654637747268E+00    0.224560649837687810E-07   -0.674896350544153822E+01    1
    0.114976942539215088E+00    0.843964338302612305E+00    0.230841104990285464E-07   -0.675146350544153151E+01    1
    0.684354456738013983E+00    0.217309034842862181E+00    0.233129984334733172E-07   -0.675396350544154078E+01    1
    0.576846599578857422E-01    0.966023743152618408E+00    0.235110859440144794E-07   -0.675646350544154206E+01    1
    0.691906452178955078E+00    0.250914692878723145E+00    0.255603532499896465E-07   -0.675896350544154600E+01    1
    0.691386038229154121E+00    0.247381817659094089E+00    0.256755854056529039E-07   -0.676146350544154284E+01    1
    0.690741717815399170E+00    0.100435256958007812E+00    0.262181462509771829E-07   -0.676396350544152813E+01    1
    0.525529384613037109E-01    0.985166549682617188E+00    0.262667781660059920E-07   -0.676646350544152320E+01    1
    0.499430505235392064E+00    0.617293057075962825E+00    0.278700755996369554E-07   -0.676896350544152448E+01    1
    0.187309920787811279E+00    0.758094608783721924E+00    0.287854304091879790E-07   -0.677146350544153020E+01    1
    0.651414811611175537E+00    0.643629312515258789E+00    0.291330474840821900E-07   -0.677396350544153325E+01    1
    0.787809967994689941E+00    0.454965353012084961E+00    0.293147867696685770E-07   -0.677646350544152742E+01    1
    0.536754488945007324E+00    0.620899081230163574E+00    0.298969336162297716E-07   -0.677896350544152249E+01    1
    0.644075691699981689E+00    0.642064094543457031E+00    0.301160437284786759E-07   -0.678146350544152821E+01    1
    0.553843796253204346E+00    0.623399615287780762E+00    0.307524879311516332E-07   -0.678396350544152327E+01    1
    0.721902132034301758E+00    0.327829897403717041E+00    0.344926709182457506E-07   -0.678646350544153254E+01    1
    0.275655329227447510E+00    0.691385746002197266E+00    0.350764353965141938E-07   -0.678896350544155069E+01    1
    0.694695591926574707E+00    0.186255991458892822E+00    0.357429014373418540E-07   -0.679146350544154576E+01    1
    0.701138293890352204E+00    0.101272438501540205E+00    0.373164043323149253E-07   -0.679396350544153282E+01    1
    0.670423507690429688E-01    0.960256576538085938E+00    0.387916912103793581E-07   -0.679646350544152344E+01    1
    0.112528860569000244E+00    0.870112419128417969E+00    0.407079690065943861E-07   -0.679896350544153183E+01    1
    0.727704524993896484E+00    0.280737876892089844E-04    0.407195741286175986E-07   -0.680146350544152245E+01    1
    0.234416961669921875E+00    0.728254735469818115E+00    0.419370547402497313E-07   -0.680396350544151129E+01    1
    0.263006687164306641E+00    0.706495642662048340E+00    0.420743333645372919E-07   -0.680646350544152234E+01    1
    0.923797547817230225E+00    0.600688695907592773E+00    0.431814694154015823E-07   -0.680896350544153428E+01    1
    0.405742406845092773E+00    0.640918433666229248E+00    0.434486580764312745E-07   -0.681146350544153911E+01    1
    0.702859759330749512E+00    0.160915613174438477E+00    0.469865773995366764E-07   -0.681396350544153862E+01    1
    0.770600497722625732E+00    0.697058677673339844E+00    0.472522572882917443E-07   -0.681646350544152657E+01    1
    0.959210515022277832E+00    0.632594883441925049E+00    0.474336073737900183E-07   -0.681896350544151630E+01    1
    0.732483804225921631E+00    0.163435935974121094E-03    0.478451015170311461E-07   -0.682146350544151847E+01    1
    0.722862482070922852E+00    0.416350960731506348E-01    0.515322748215815883E-07   -0.682396350544152064E+01    1
    0.100038111209869385E+00    0.901777923107147217E+00    0.521402987764895004E-07   -0.682646350544153968E+01    1
    0.827779900813654046E+00    0.490730506274167644E+00    0.542188505961466215E-07   -0.682896350544155251E+01    1
    0.662767112255096436E+00    0.659230709075927734E+00    0.549715195269051097E-07   -0.683146350544154934E+01    1
    0.174294114112854004E+00    0.798710405826568604E+00    0.572716684979925585E-07   -0.683396350544154174E+01    1
    0.448339104652404785E+00    0.641062498092651367E+00    0.578131740461170120E-07   -0.683646350544153680E+01    1
    0.508013665676116943E+00    0.636762022972106934E+00    0.583710348710563679E-07   -0.683896350544154874E+01    1
    0.721806764602661133E+00    0.278296768665313721E+00    0.593250177643797756E-07   -0.684146350544154913E+01    1
    0.470084667205810547E+00    0.639899790287017822E+00    0.609165220974057204E-07   -0.684396350544154775E+01    1
    0.869649171829223633E+00    0.537763535976409912E+00    0.622038517587964212E-07   -0.684646350544155524E+01    1
    0.178463339805603027E+00    0.798036396503448486E+00    0.634830009604888946E-07   -0.684896350544155474E+01    1
    0.744859491243273109E+00    0.342997568981367296E+00    0.647494946103707225E-07   -0.685146350544153826E+01    1
    0.733271718025207520E+00    0.330173969268798828E-01    0.673322955348639127E-07   -0.685396350544151556E+01    1
    0.827308475971221924E+00    0.483721733093261719E+00    0.680381920064960530E-07   -0.685646350544151773E+01    1
    0.746203680698089067E+00    0.342101218486794645E+00    0.688830813784724640E-07   -0.685896350544152789E+01    1
    0.821442842483520508E+00    0.726973414421081543E+00    0.729667248638876709E-07   -0.686146350544154071E+01    1
    0.173821596250866905E+00    0.810891782212843970E+00    0.769048683637176784E-07   -0.686396350544154465E+01    1
    0.988638579845428467E+00    0.820085883140563965E+00    0.781520287372295711E-07   -0.686646350544152817E+01    1
    0.744059169036232371E+00    0.325207418806352955E+00    0.798443270223666248E-07   -0.686896350544151790E+01    1
    0.747570335865020752E+00    0.331454038619995117E+00    0.835923979711579850E-07   -0.687146350544153250E+01    1
    0.750176893949800583E+00    0.338273078063753230E+00    0.838335172832400649E-07   -0.687396350544153822E+01    1
    0.994183246023043754E-01    0.922241081567025445E+00    0.839518675218021305E-07   -0.687646350544153773E+01    1
    0.647209315359337456E+00    0.663789856499133579E+00    0.845462929169819160E-07   -0.687896350544152835E+01    1
    0.177006125450134277E+00    0.811663269996643066E+00    0.859047084996254943E-07   -0.688146350544150920E+01    1
    0.306983709335327148E+00    0.704571545124053955E+00    0.868459361320015368E-07   -0.688396350544151847E+01    1
    0.118112027645111084E+00    0.891743302345275879E+00    0.873504227752684317E-07   -0.688646350544154107E+01    1
    0.723552107810974121E+00    0.205755949020385742E+00    0.901179468285034425E-07   -0.688896350544153702E+01    1
    0.723519265651702881E+00    0.157679021358489990E+00    0.916685641295287863E-07   -0.689146350544151343E+01    1
    0.514558434486389160E+00    0.650235891342163086E+00    0.957111475085222052E-07   -0.689396350544150760E+01    1
    0.656181335449218750E+00    0.669038057327270508E+00    0.971515770471743448E-07   -0.689646350544151510E+01    1
    0.177811140092663023E+00    0.815681371924029675E+00    0.971533528767215343E-07   -0.689896350544152792E+01    1
    0.341288626194000244E+00    0.690825343132019043E+00    0.975494581959067722E-07   -0.690146350544152209E+01    1
    0.146034061908721924E+00    0.855779767036437988E+00    0.990477483023037299E-07   -0.690396350544152249E+01    1
    0.840376615524291992E-01    0.959796547889709473E+00    0.100538268562981192E-06   -0.690646350544153442E+01    1
    0.729508519172668457E+00    0.135799229145050049E+00    0.106341092626224457E-06   -0.690896350544152682E+01    1
    0.732318630720447894E+00    0.121663002190126629E+00    0.111355814110036113E-06   -0.691146350544153076E+01    1
    0.257653327061000914E+00    0.746755162653879423E+00    0.111731910742683665E-06   -0.691396350544153826E+01    1
    0.834478300426873543E+00    0.476436473838363184E+00    0.118082109171273605E-06   -0.691646350544152089E+01    1
    0.964237034320831299E+00    0.622912645339965820E+00    0.130798653643834049E-06   -0.691896350544152217E+01    1
    0.882348358631134033E+00    0.535218119621276855E+00    0.130953818166511322E-06   -0.692146350544153677E+01    1
    0.728330194950103760E+00    0.697751522064208984E+00    0.134633136379957992E-06   -0.692396350544152206E+01    1
    0.750329196453094482E+00    0.706336140632629395E+00    0.138593779905182576E-06   -0.692646350544152334E+01    1
    0.736823081970214844E+00    0.185114562511444092E+00    0.141210894901753941E-06   -0.692896350544152639E+01    1
    0.813686132431030273E+00    0.733119547367095947E+00    0.141793992192226242E-06   -0.693146350544152234E+01    1
    0.806101858615875244E+00    0.425062358379364014E+00    0.142684115995332537E-06   -0.693396350544152806E+01    1
    0.726970932121800972E+00    0.698390071901567433E+00    0.142799661554032785E-06   -0.693646350544154089E+01    1
    0.612787067890167236E+00    0.668801248073577881E+00    0.144696621182031712E-06   -0.693896350544153240E+01    1
    0.764064610004425049E+00    0.329932212829589844E+00    0.151201366116654790E-06   -0.694146350544151414E+01    1
    0.742924988269805908E+00    0.236126840114593506E+00    0.153489603219539977E-06   -0.694396350544153496E+01    1
    0.660577132772688036E+00    0.680348698030981303E+00    0.155510471686984651E-06   -0.694646350544154600E+01    1
    0.296328756668139959E+00    0.732634262272372938E+00    0.155882130225801819E-06   -0.694896350544153751E+01    1
    0.120611096874914656E+00    0.913130976233948677E+00    0.160624439423546809E-06   -0.695146350544152813E+01    1
    0.385546863079071045E+00    0.690147936344146729E+00    0.161672611337763983E-06   -0.695396350544152142E+01    1
    0.797002434730529785E+00    0.401480615139007568E+00    0.164393668273539731E-06   -0.695646350544152892E+01    1
    0.748809635639190674E+00    0.259322643280029297E+00    0.166066508660131093E-06   -0.695896350544152753E+01    1
    0.951484813267652468E-01    0.959383121516872772E+00    0.168694143263723024E-06   -0.696146350544153414E+01    1
    0.115343987941741943E+00    0.924090504646301270E+00    0.170186745276352799E-06   -0.696396350544154430E+01    1
    0.125462591648101807E+00    0.909163236618041992E+00    0.174944117180920820E-06   -0.696646350544154380E+01    1
    0.210503666162885156E+00    0.805204274010981713E+00    0.175239488749322186E-06   -0.696896350544153265E+01    1
    0.248021741978083660E+00    0.771864599136142138E+00    0.175339491882667372E-06   -0.697146350544151527E+01    1
    0.771485745906829834E+00    0.628679990768432617E-02    0.178314557566689288E-06   -0.697396350544152011E+01    1
    0.745678544044494629E+00    0.206613004207611084E+00    0.181986418105535124E-06   -0.697646350544153115E+01    1
    0.947808444499969482E+00    0.600368738174438477E+00    0.184314233748619567E-06   -0.697896350544153865E+01    1
    0.766786791720576288E+00    0.273390983469609106E-01    0.185581274524483344E-06   -0.698146350544153194E+01    1
    0.244227785390975227E+00    0.777466985167153402E+00    0.186714685840782834E-06   -0.698396350544151723E+01    1
    0.843029141426086426E+00    0.472787439823150635E+00    0.187680125903201873E-06   -0.698646350544151318E+01    1
    0.138165210522511545E+00    0.894882164938989866E+00    0.194712976152172986E-06   -0.698896350544151179E+01    1
    0.855308865168251109E+00    0.757395569105873800E+00    0.195433238743274445E-06   -0.699146350544153172E+01    1
    0.752178490161895752E+00    0.219494640827178955E+00    0.216776149091949655E-06   -0.699396350544154721E+01    1
    0.789142251014709473E+00    0.367044925689697266E+00    0.220348071637638702E-06   -0.699646350544154494E+01    1
    0.337325513362884521E+00    0.722839951515197754E+00    0.223797008676322117E-06   -0.699896350544154533E+01    1
    0.250295204863644871E+00    0.780867669020718691E+00    0.230165413817540993E-06   -0.700146350544153595E+01    1
    0.774258494377136230E+00    0.257652401924133301E-01    0.230468569822433756E-06   -0.700396350544152480E+01    1
    0.705188870429992676E+00    0.701798200607299805E+00    0.239799958084560010E-06   -0.700646350544153584E+01    1
    0.175321974054854474E+00    0.857931497333544568E+00    0.252468771415640257E-06   -0.700896350544153979E+01    1
    0.453799469493280039E+00    0.686299163455616701E+00    0.253509918508860991E-06   -0.701146350544154107E+01    1
    0.757619976997375488E+00    0.223335623741149902E+00    0.254063524123022971E-06   -0.701396350544154057E+01    1
    0.404281556606292725E+00    0.701250612735748291E+00    0.267577896644170153E-06   -0.701646350544153208E+01    1
    0.104888319969177246E+00    0.962731242179870605E+00    0.276049701175984238E-06   -0.701896350544152625E+01    1
    0.196845151950634123E+00    0.838401433811312047E+00    0.279969152732986081E-06   -0.702146350544151598E+01    1
    0.871359349976392861E+00    0.499125500168257463E+00    0.281429982424495843E-06   -0.702396350544153236E+01    1
    0.771087320561512746E+00    0.686428276093795087E-01    0.284371871771252677E-06   -0.702646350544154696E+01    1
    0.357489253423024789E+00    0.721998674254045847E+00    0.284951924197949070E-06   -0.702896350544153314E+01    1
    0.997969008978284777E+00    0.838726650128965745E+00    0.293840298827615205E-06   -0.703146350544151755E+01    1
    0.934033036231994629E+00    0.574326634407043457E+00    0.310944930343731046E-06   -0.703396350544152327E+01    1
    0.807256162166595459E+00    0.385342001914978027E+00    0.312997821656006842E-06   -0.703646350544152632E+01    1
    0.821365434284588303E+00    0.413468036910914771E+00    0.318207517876935733E-06   -0.703896350544151961E+01    1
    0.166238438693374624E+00    0.881914404335183311E+00    0.342805321099973186E-06   -0.704146350544150845E+01    1
    0.980486333370208740E+00    0.620996236801147461E+00    0.366745507576152796E-06   -0.704396350544150884E+01    1
    0.768832504749298096E+00    0.156608104705810547E+00    0.370371150415334443E-06   -0.704646350544151279E+01    1
    0.747779073382320525E+00    0.724928952366190593E+00    0.382863205230283808E-06   -0.704896350544151762E+01    1
    0.772034049034118652E+00    0.233296811580657959E+00    0.383824909787359924E-06   -0.705146350544152156E+01    1
    0.433823227882385254E+00    0.705097317695617676E+00    0.384730573404772209E-06   -0.705396350544152728E+01    1
    0.253030490608994407E+00    0.799676030617581857E+00    0.386024841486962467E-06   -0.705646350544153478E+01    1
    0.778975129127502441E+00    0.860137343406677246E-01    0.396296600093500549E-06   -0.705896350544154227E+01    1
    0.868713236865155558E+00    0.482952280578674731E+00    0.398054078643915893E-06   -0.706146350544154533E+01    1
    0.793295688344041516E+00    0.329561694660061799E+00    0.400093741256729383E-06   -0.706396350544153684E+01    1
    0.109767138957977295E+00    0.972183227539062500E+00    0.415015918475316174E-06   -0.706646350544153545E+01    1
    0.970404830217718950E+00    0.607480915548858302E+00    0.423267158697966708E-06   -0.706896350544155450E+01    1
    0.603197276592254639E+00    0.695240020751953125E+00    0.424900026995108959E-06   -0.707146350544153979E+01    1
    0.414419985021771409E+00    0.715472039262212034E+00    0.438667549435988398E-06   -0.707396350544152686E+01    1
    0.965667009353637695E+00    0.601084589958190918E+00    0.449040905215860474E-06   -0.707646350544154679E+01    1
    0.192652523517608643E+00    0.863813877105712891E+00    0.457452699183008092E-06   -0.707896350544152941E+01    1
    0.799000144004821777E+00    0.203155875205993652E-01    0.463599349438264975E-06   -0.708146350544153069E+01    1
    0.779300749301910400E+00    0.129932224750518799E+00    0.476412135858579202E-06   -0.708396350544153908E+01    1
    0.446049610137715602E+00    0.709505835202788426E+00    0.478288806755423568E-06   -0.708646350544154124E+01    1
    0.420742273330688477E+00    0.716621398925781250E+00    0.479028444641184607E-06   -0.708896350544155673E+01    1
    0.437691986560821533E+00    0.711742758750915527E+00    0.479403819423264482E-06   -0.709146350544154203E+01    1
    0.852758211683170120E+00    0.106095838765082068E-01   -0.709146350544154203E+01    1
    0.811094142595691681E+00    0.132346052128273287E-01   -0.709396350544152199E+01    1
