    0.281161964297667404E-98    0.498545389431439049E+06    0.751582573063766080E+00    0.497434238200688481E-01
    0.540049698509466831E-98    0.498544059279519250E+06    0.751252711988261934E+00    0.490216229606793424E-01
    0.102527840144266450E-97    0.498542752471568703E+06    0.749413987154274208E+00    0.513616900763547921E-01
    0.361813681439826658E-97    0.498540205790182052E+06    0.751361105774252080E+00    0.491827731691234643E-01
    0.181337193661849800E-96    0.498536957470919297E+06    0.750173699485775614E+00    0.484800185381253565E-01
    0.284150469894801637E-94    0.498526824147839507E+06    0.748585240316190115E+00    0.498856207063159418E-01
    0.432773762481091481E-94    0.498525958034118405E+06    0.749387719221881410E+00    0.513158190237036418E-01
    0.164360859192314660E-92    0.498518659303851367E+06    0.750758041991684499E+00    0.486739784524953950E-01
    0.173476200274378292E-92    0.498518526660404808E+06    0.750480278098204390E+00    0.514158687725354835E-01
    0.301357510880899045E-90    0.498508187114898872E+06    0.751200125194919077E+00    0.490523097989805923E-01
    0.376778762383397762E-87    0.498493900191234308E+06    0.748832496327959007E+00    0.507086773707309882E-01
    0.582737588916559672E-86    0.498488398172085814E+06    0.749164580763300281E+00    0.510871396745360071E-01
    0.109028587742624475E-85    0.498487120564260869E+06    0.748686113641448880E+00    0.496720401961142297E-01
    0.135605262704531414E-85    0.498486659596773796E+06    0.749596933852730074E+00    0.513304751466553827E-01
    0.195934859539966733E-84    0.498481293667090882E+06    0.750062292179627610E+00    0.514040525360165562E-01
    0.109254621333616720E-81    0.498468621667417057E+06    0.750118240940030434E+00    0.513798565197053914E-01
    0.177668544772356669E-81    0.498467624498913472E+06    0.751278771979934423E+00    0.492888680520065237E-01
    0.354441431939065029E-81    0.498466218560729874E+06    0.749653597491755863E+00    0.513095135102432376E-01
    0.469756284354748577E-80    0.498461025357391627E+06    0.750790932481746776E+00    0.511669473838781905E-01
    0.732156516947425424E-80    0.498460113105442084E+06    0.750748184351544667E+00    0.487844388710828442E-01
    0.462080949795390586E-79    0.498456403752338723E+06    0.749310863112616743E+00    0.511224514768419333E-01
    0.367668631900200294E-78    0.498452231006826740E+06    0.751378477018166513E+00    0.503875379606599644E-01
    0.591701076224954282E-78    0.498451254676483048E+06    0.750447714364644525E+00    0.486767742002049836E-01
    0.734873244269655491E-78    0.498450796592206985E+06    0.749880178662580610E+00    0.486396948271445931E-01
    0.147937205047212239E-76    0.498444767380745092E+06    0.749871942949206227E+00    0.486521107760908844E-01
    0.551917334907834852E-76    0.498442109468615206E+06    0.748937118475451413E+00    0.492737018332045293E-01
    0.100309929928800764E-74    0.498436284704059421E+06    0.751350548124404272E+00    0.503747802058874192E-01
    0.115550515222419842E-74    0.498435977126494923E+06    0.748797844326259954E+00    0.496145994303571411E-01
    0.155000702750212469E-73    0.498430759821240499E+06    0.748766663821081480E+00    0.501548685453831883E-01
    0.805580557874326398E-72    0.498422833692583255E+06    0.751287453704220454E+00    0.504747382676320466E-01
    0.170427077186848978E-71    0.498421310342443117E+06    0.749791652652425866E+00    0.487119470896535262E-01
    0.283893729018744948E-71    0.498420265066146909E+06    0.750902044188112017E+00    0.489791953247808790E-01
    0.295853038322196104E-71    0.498420157849060255E+06    0.750484506346013824E+00    0.487489139834936247E-01
    0.472637819527128097E-69    0.498409985884236114E+06    0.750760978041158822E+00    0.489015323287335518E-01
    0.102837362817495519E-68    0.498408406383986934E+06    0.751170140588447444E+00    0.506453712269256534E-01
    0.270055147212860637E-67    0.498401845567545795E+06    0.749489001968391300E+00    0.511033003120359430E-01
    0.136138450878942771E-65    0.498393980443411798E+06    0.751169696776905149E+00    0.493812985063021015E-01
    0.485171856350811500E-64    0.498386808920303592E+06    0.749021923742152596E+00    0.506219385361943788E-01
    0.111624533836237077E-63    0.498385117783375899E+06    0.749890163352610495E+00    0.511992727205443296E-01
    0.687946187275692470E-63    0.498381455952506512E+06    0.750304154248097377E+00    0.487807655785211167E-01
    0.745154902680323667E-63    0.498381271498146234E+06    0.751254388134202422E+00    0.496582070001039544E-01
    0.751265957637566614E-63    0.498381230471573712E+06    0.749521132469474827E+00    0.488928253279149322E-01
    0.358940776576380980E-62    0.498378077814669581E+06    0.748874720728981091E+00    0.501604630768561419E-01
    0.101606421278872175E-61    0.498375972054470389E+06    0.751261104449818529E+00    0.497324890160664307E-01
    0.223401066391505588E-61    0.498374371639261662E+06    0.751283340123435783E+00    0.499445541444666630E-01
    0.263449508358403077E-60    0.498369411991576839E+06    0.750342994574348277E+00    0.511499731639039820E-01
    0.443738434608594870E-59    0.498363739382938598E+06    0.748892101503986996E+00    0.499998276716037623E-01
    0.189326256210138891E-58    0.498360813048449403E+06    0.749359839865541000E+00    0.509171148836290791E-01
    0.190954848676997376E-58    0.498360771226580255E+06    0.749483997724316064E+00    0.510003714519886367E-01
    0.950572683772381557E-55    0.498343720969419752E+06    0.750587120283140119E+00    0.489599317824305630E-01
    0.389161819645109971E-54    0.498340877246639924E+06    0.749538834064536585E+00    0.509798242267444218E-01
    0.449815143827349655E-54    0.498340562872359995E+06    0.750280888673426127E+00    0.488644197309203374E-01
    0.180923464926807013E-53    0.498337754536037450E+06    0.750485938216007065E+00    0.510320236122966189E-01
    0.197901356532464654E-53    0.498337550455457240E+06    0.749256166208803753E+00    0.507529526957673227E-01
    0.423874983292609292E-52    0.498331397254205600E+06    0.750710370430404339E+00    0.490648700222187997E-01
    0.586776870718970405E-51    0.498326116980524559E+06    0.749047238516643010E+00    0.503692645837652830E-01
    0.144530176250990163E-50    0.498324289431603742E+06    0.750992896020094447E+00    0.505832966752437010E-01
    0.173406713884359735E-50    0.498323900437316333E+06    0.749627368002493744E+00    0.489789606435751049E-01
    0.166606398571021847E-48    0.498314745416880061E+06    0.749848746047250825E+00    0.489282633618828289E-01
    0.308522061733594062E-47    0.498308883236900205E+06    0.751136202034957123E+00    0.500130588342374838E-01
    0.100386898698989772E-46    0.498306498898648191E+06    0.750810227465917079E+00    0.492214038070832513E-01
    0.427186529854742217E-46    0.498303577829193731E+06    0.749134163716361767E+00    0.504349923173562503E-01
    0.280773908389078021E-45    0.498299787309663545E+06    0.750306315322081363E+00    0.489653531768593914E-01
    0.396958154814213825E-45    0.498299070056060271E+06    0.750232623826927458E+00    0.489530742166920385E-01
    0.103395932740330348E-44    0.498297130725007330E+06    0.751087614484101218E+00    0.501837901042138101E-01
    0.105098486607008082E-44    0.498297073369145044E+06    0.751087097363908329E+00    0.497726951819892488E-01
    0.239191096003460406E-44    0.498295403947948827E+06    0.751033021794105693E+00    0.496039853891493687E-01
    0.849351365313068321E-44    0.498292844836268341E+06    0.750213085599463647E+00    0.489655283180333717E-01
    0.217285132526482983E-43    0.498290941499709792E+06    0.750576598996560596E+00    0.490930287410528340E-01
    0.462767704200802495E-43    0.498289404778864642E+06    0.749099750088396910E+00    0.502424773970640004E-01
    0.350924148182555764E-42    0.498285328227543272E+06    0.749586997306491476E+00    0.491022635888231085E-01
    0.619709608841321928E-42    0.498284166174390411E+06    0.750703615184372008E+00    0.491998022270088708E-01
    0.102734932810923364E-41    0.498283130510430725E+06    0.749143952952212366E+00    0.503274583244985238E-01
    0.321012167446104331E-39    0.498271616825052886E+06    0.749112402540709543E+00    0.499113084634477330E-01
    0.481659714833010277E-39    0.498270780615991505E+06    0.749411897143479888E+00    0.492772311500091487E-01
    0.627596858718435404E-39    0.498270226604360098E+06    0.749703090415500539E+00    0.490883940015679546E-01
    0.996702739933451423E-39    0.498269276803891349E+06    0.749371715893379475E+00    0.506288579985231246E-01
    0.457416552265924117E-38    0.498266204658551957E+06    0.749157524865366353E+00    0.497274908864564491E-01
    0.984449607439819403E-38    0.498264646990709589E+06    0.749138784422314297E+00    0.498383731763446108E-01
    0.232111539753927221E-37    0.498262906858525355E+06    0.750955460187270996E+00    0.503197820163069909E-01
    0.322586527823226109E-37    0.498262223860422033E+06    0.749144829879389351E+00    0.498421222612896800E-01
    0.943623792768394223E-36    0.498255447286560957E+06    0.750998542453632956E+00    0.500157499221362128E-01
    0.243508789427415382E-35    0.498253526574065036E+06    0.750830140390397638E+00    0.505004460190105683E-01
    0.338343088992030685E-35    0.498252844067909464E+06    0.749567735263261481E+00    0.492137128578906402E-01
    0.429072754102259618E-35    0.498252344244436070E+06    0.749163133786987512E+00    0.500104281664122130E-01
    0.600985148324758061E-35    0.498251645665621851E+06    0.749405925938554596E+00    0.505942539041436268E-01
    0.421416844872724569E-34    0.498247725699574745E+06    0.749310837462629498E+00    0.494995077867348490E-01
    0.119714402514372769E-33    0.498245612865124887E+06    0.749932138291724892E+00    0.508597005668030427E-01
    0.200714383706778154E-33    0.498244554625779216E+06    0.750966126228488906E+00    0.500450109813311839E-01
    0.431743180108547782E-33    0.498242998038421094E+06    0.750172360987164777E+00    0.508588298135071656E-01
    0.627677676509541262E-33    0.498242224955343525E+06    0.750839687702543279E+00    0.495265162432346195E-01
    0.907254963614473314E-33    0.498241463470512710E+06    0.750768557730608577E+00    0.494265250659634281E-01
    0.453058753045590011E-32    0.498238222412373463E+06    0.750687982505620410E+00    0.493507959296134932E-01
    0.464054589275477002E-32    0.498238149760255706E+06    0.749436329099366194E+00    0.505697122012295427E-01
    0.898579940161619043E-32    0.498236803441941040E+06    0.750900382371301633E+00    0.496966563589964078E-01
    0.888106607803110474E-32    0.498236802198349673E+06    0.750002170757132047E+00    0.508423876577503708E-01
    0.951852203102334622E-32    0.498236638871023082E+06    0.750924270781341052E+00    0.497832019026829484E-01
    0.165914683493684480E-31    0.498235502881624096E+06    0.749252811308914857E+00    0.502415296090288691E-01
    0.596257388489638791E-31    0.498232919792801375E+06    0.749222130997424851E+00    0.500552922564956315E-01
    0.149805263566602815E-30    0.498231052603709279E+06    0.749333127266325616E+00    0.503922741292441231E-01
    0.239807222016157478E-30    0.498230086914048879E+06    0.749495575261510338E+00    0.493535299245582079E-01
    0.345749868756984712E-30    0.498229330462226877E+06    0.749364899524041728E+00    0.504349156440384652E-01
    0.614209558396523190E-30    0.498228156529710279E+06    0.749520393692864273E+00    0.493387877408381914E-01
    0.647930488834634559E-30    0.498228024943852157E+06    0.750349564424509285E+00    0.507738613262630270E-01
    0.849452824801152234E-30    0.498227458634521347E+06    0.750712981235188037E+00    0.494235310598843541E-01
    0.862685306189061635E-30    0.498227403028029483E+06    0.750236900419321895E+00    0.491477048824180140E-01
    0.129192016387909454E-29    0.498226570666839136E+06    0.749909748109230834E+00    0.507976811249971905E-01
    0.166974466223030421E-29    0.498226032893266936E+06    0.750482119118355273E+00    0.492414163887216066E-01
    0.387853980076530367E-29    0.498224322625859058E+06    0.750356722075970928E+00    0.507592368259126570E-01
    0.558555241511592095E-29    0.498223568485310359E+06    0.749719247835652913E+00    0.492242531655316257E-01
    0.980938325404149329E-29    0.498222417481823592E+06    0.749454653872749677E+00    0.505187816257289743E-01
    0.109010443149768079E-28    0.498222181752083823E+06    0.749421499006504011E+00    0.504771273253500907E-01
    0.138307906018749860E-28    0.498221680983292987E+06    0.750556845603236988E+00    0.506452452491014046E-01
    0.214587810912817125E-28    0.498220777818681556E+06    0.750418387197762438E+00    0.492269892148961968E-01
    0.381250612280011200E-28    0.498219603651514684E+06    0.750491170796045215E+00    0.506801540286606414E-01
    0.156125954752091709E-27    0.498216759377670998E+06    0.749663015320095272E+00    0.492779469261033706E-01
    0.192078462086919550E-27    0.498216320204589923E+06    0.750795555086005817E+00    0.503427039674283275E-01
    0.469720758938109244E-27    0.498214507044345955E+06    0.750726472478990159E+00    0.495046185150620557E-01
    0.225851897185860854E-26    0.498211341700653837E+06    0.750649446571320489E+00    0.494274908619333278E-01
    0.280973105124336032E-26    0.498210880250313494E+06    0.749388846618424753E+00    0.503626760041353469E-01
    0.319727892724964077E-26    0.498210597136264725E+06    0.750864102692968771E+00    0.499221818589283411E-01
    0.581876827156433120E-26    0.498209374867928040E+06    0.750452977383601949E+00    0.506638602815315461E-01
    0.492626746935980451E-25    0.498205078020396933E+06    0.750696159148636410E+00    0.504337164462552376E-01
    0.101668870861566090E-24    0.498203604220079666E+06    0.750539466018984691E+00    0.493625712853284701E-01
    0.156269026532318964E-24    0.498202719812956231E+06    0.750043061952743395E+00    0.507366811367561815E-01
    0.160522376973787893E-24    0.498202641412993777E+06    0.750119449791594062E+00    0.507360074311961201E-01
    0.462744458149298294E-24    0.498200499238391290E+06    0.749601951449429205E+00    0.493839830164665705E-01
    0.745997505636925907E-24    0.498199519452471111E+06    0.749360221427476381E+00    0.497416456756744133E-01
    0.846951764340589702E-24    0.498199240918137773E+06    0.750090314635633360E+00    0.492209920045322685E-01
    0.144068160921393593E-23    0.498198153771027515E+06    0.750814420954125317E+00    0.500968214674737400E-01
    0.355336619248943655E-23    0.498196323521597253E+06    0.749503591967658034E+00    0.495011596991041317E-01
    0.645649774059374015E-23    0.498195104446943442E+06    0.750025730680502933E+00    0.507093791881108660E-01
    0.200917277757693771E-22    0.498192809313282312E+06    0.750675302981204107E+00    0.503906716929211698E-01
    0.199034679323299545E-22    0.498192803450309089E+06    0.750537473377747677E+00    0.494072879569697823E-01
    0.218202489224282033E-22    0.498192594870143395E+06    0.750804575314609646E+00    0.500082512655024292E-01
    0.222417003727607696E-22    0.498192531917717890E+06    0.749446703971939243E+00    0.496058393683148149E-01
    0.363554223251584222E-22    0.498191524477478524E+06    0.750526341305015277E+00    0.505424131376943780E-01
    0.755419649448284219E-22    0.498190037096188113E+06    0.750703331889241987E+00    0.496189979947057672E-01
    0.100967346109392631E-21    0.498189432187170547E+06    0.750709644125762465E+00    0.503116398585207528E-01
    0.101302708565440371E-21    0.498189400863832037E+06    0.750669298603219293E+00    0.495684461252688183E-01
    0.138077794163198079E-21    0.498188756764267629E+06    0.749361954969748445E+00    0.500022022510670586E-01
    0.204344894188425924E-21    0.498187948088965728E+06    0.750681888607327874E+00    0.503491310053819988E-01
    0.249170392816145428E-21    0.498187526742113987E+06    0.750328408884623821E+00    0.506381762475137595E-01
    0.592943226515308854E-21    0.498185768127387855E+06    0.749390592100512509E+00    0.498112525559314748E-01
    0.626374475603634579E-21    0.498185633736547665E+06    0.750045253321867111E+00    0.506764611260641512E-01
    0.956277738849730158E-21    0.498184762845196470E+06    0.749566408332282497E+00    0.494910165257308257E-01
    0.198315752956426424E-20    0.498183279359492997E+06    0.750445676893618963E+00    0.493827521352785750E-01
    0.425071675177514972E-20    0.498181729873475386E+06    0.750693158668100047E+00    0.496633598096713480E-01
    0.633818801940872500E-20    0.498180906171497249E+06    0.749535267113376480E+00    0.503948140343786488E-01
    0.145673425055379139E-19    0.498179217101574468E+06    0.749399254843028273E+00    0.500366315203087039E-01
    0.185460535649600821E-19    0.498178709460592538E+06    0.749512792498531866E+00    0.495938083108923566E-01
    0.312565046770050200E-19    0.498177640828267322E+06    0.749856015468688852E+00    0.506099173941788605E-01
    0.377211647165502161E-19    0.498177240149247169E+06    0.750512110755599759E+00    0.504859782277207250E-01
    0.110694468604976821E-18    0.498175062352817564E+06    0.750725370224703870E+00    0.498278698997977887E-01
    0.110163204833982968E-18    0.498175047283308522E+06    0.750452556010642202E+00    0.494237587971497194E-01
    0.138512758340109923E-18    0.498174564592964831E+06    0.750622143138852671E+00    0.495957551068564872E-01
    0.142006624450175010E-18    0.498174490079070441E+06    0.750716329585538467E+00    0.498002365155445076E-01
    0.156394912087093597E-18    0.498174272366535210E+06    0.749802981544508751E+00    0.493687192851018503E-01
    0.376930946360165221E-18    0.498172488319760479E+06    0.749448752111544936E+00    0.497853493650965220E-01
    0.515010462255775010E-18    0.498171839377980446E+06    0.749444841993807342E+00    0.501336316191366704E-01
    0.669302794130785593E-18    0.498171290587923839E+06    0.750638594616003685E+00    0.496452915187928154E-01
    0.144760352756044994E-17    0.498169723040238372E+06    0.749433910360072453E+00    0.499313733838598478E-01
    0.246862307114019562E-17    0.498168630846711167E+06    0.750714244679711484E+00    0.500216700469066772E-01
    0.372056702000855167E-17    0.498167785724258632E+06    0.750409548151065309E+00    0.494293288042900250E-01
    0.425136587625030126E-17    0.498167494304435502E+06    0.749516509529608910E+00    0.502707093481163172E-01
    0.447738478175216054E-17    0.498167366015461565E+06    0.750373928204618457E+00    0.505328489845859249E-01
    0.607158150621416617E-17    0.498166732164115703E+06    0.750534007091250288E+00    0.504083778425851725E-01
    0.135340222288112509E-16    0.498165104297628801E+06    0.749862746904921607E+00    0.505594796892582521E-01
    0.134404690433578306E-16    0.498165093479164178E+06    0.750701554801427751E+00    0.499929545562411148E-01
    0.202208587419362343E-16    0.498164251898908056E+06    0.749823431930032647E+00    0.494026787098725342E-01
    0.302844937010645550E-16    0.498163419365270296E+06    0.749485553734433263E+00    0.497885978050209219E-01
    0.915566241111099237E-16    0.498161182030309981E+06    0.750670847997211621E+00    0.498377419221556969E-01
    0.947745054290411821E-16    0.498161088253313152E+06    0.749650994273723281E+00    0.495352135508487015E-01
    0.963161619721092394E-16    0.498161031290572893E+06    0.750427455944036037E+00    0.494739403855070023E-01
    0.134828962083569822E-15    0.498160333857427817E+06    0.749685410119252493E+00    0.495081458673364908E-01
    0.343330699419135705E-15    0.498158439791883284E+06    0.750403096375737766E+00    0.494704798265449899E-01
    0.390020665070436112E-15    0.498158160089316953E+06    0.750292661577358744E+00    0.494149413624652631E-01
    0.404434065788198562E-15    0.498158062819966173E+06    0.749765787661455518E+00    0.504798419166242046E-01
    0.653589860756058355E-15    0.498157078145990032E+06    0.749729412924115435E+00    0.504504290243647860E-01
    0.823963302229084831E-15    0.498156590162707435E+06    0.750274244816310998E+00    0.505272194985596709E-01
    0.124110582997172065E-14    0.498155746207215881E+06    0.749883285712866221E+00    0.494171334632966391E-01
    0.146961223288516175E-14    0.498155383524261357E+06    0.750659721692034987E+00    0.500102072777478188E-01
    0.245819577963748524E-14    0.498154329974745109E+06    0.749599590478143063E+00    0.503004669469938118E-01
    0.273272364083233433E-14    0.498154093541137991E+06    0.750341676291378268E+00    0.504860639366113625E-01
    0.286441750796765978E-14    0.498153974717312143E+06    0.750554452228661018E+00    0.502971917294563475E-01
    0.305805608579374489E-14    0.498153819197090867E+06    0.749666359066766375E+00    0.495636242520806070E-01
    0.639309408063773643E-14    0.498152319627913123E+06    0.750458880330221678E+00    0.495467875234437902E-01
    0.834568664248554052E-14    0.498151761883599625E+06    0.749740018844855194E+00    0.495120363140981803E-01
    0.838654753414351658E-14    0.498151727424036711E+06    0.750452151332723472E+00    0.495443008101799642E-01
    0.109139773847042375E-13    0.498151175901961571E+06    0.749992427037909248E+00    0.505306607024130078E-01
    0.131136507189429227E-13    0.498150783991742239E+06    0.750207569669730789E+00    0.505199108165032690E-01
    0.130618182038179851E-13    0.498150767221171875E+06    0.749535798924858332E+00    0.501303814483479437E-01
    0.183109400343877920E-13    0.498150066919086094E+06    0.750311150312897746E+00    0.504806843865481455E-01
    0.329267588843698236E-13    0.498148868653788406E+06    0.750174759510022104E+00    0.494237053437961565E-01
    0.578947142144712778E-13    0.498147715281587152E+06    0.750014595320228961E+00    0.505174752065865318E-01
    0.727549535836239643E-13    0.498147233648418216E+06    0.749607400092561993E+00    0.496872724894711140E-01
    0.112622096823785550E-12    0.498146335075172188E+06    0.749576210555373601E+00    0.497576159832554196E-01
    0.139126861065365860E-12    0.498145887687317736E+06    0.749563485691497888E+00    0.497970177176304402E-01
    0.277805116648334562E-12    0.498144479928635352E+06    0.750417358636168319E+00    0.495582287765270468E-01
    0.760535023989085493E-12    0.498142441032645467E+06    0.749554773604053204E+00    0.499122555439161855E-01
    0.126554332434817701E-11    0.498141397871987836E+06    0.749832767148029045E+00    0.504296352145626042E-01
    0.173939159699906612E-11    0.498140737112910196E+06    0.749559974312934529E+00    0.499757013695765057E-01
    0.193627446550726231E-11    0.498140497960846173E+06    0.750393088422050547E+00    0.503776765809337418E-01
    0.228641403764166282E-11    0.498140140831648896E+06    0.749566549487585054E+00    0.499085166956923856E-01
    0.544586377485889840E-11    0.498138380396866181E+06    0.750532397805415252E+00    0.501878071245946203E-01
    0.618899573790450742E-11    0.498138099872600229E+06    0.750542954641260307E+00    0.501603326648057124E-01
    0.116316112549595721E-10    0.498136813273910608E+06    0.750547119429793019E+00    0.501303147405531557E-01
    0.152942883679187210E-10    0.498136241076653590E+06    0.749582881992247763E+00    0.499860566005388973E-01
    0.182388264449568762E-10    0.498135864238908514E+06    0.750544502910854616E+00    0.498181667942522791E-01
    0.391483414484391999E-10    0.498134311936721322E+06    0.750510863761301716E+00    0.501839457851051551E-01
    0.468959947740794578E-10    0.498133926096933254E+06    0.749839852709937138E+00    0.503897817581006602E-01
    0.979126985473800700E-10    0.498132429117619293E+06    0.750379206352383532E+00    0.503350674034291137E-01
    0.139236196813240555E-09    0.498131700235264958E+06    0.750158152783989007E+00    0.504330648267594384E-01
    0.141171717889374479E-09    0.498131647933390748E+06    0.750526982441258372E+00    0.501034681677929999E-01
    0.222839120504212969E-09    0.498130710295889468E+06    0.750022419082358893E+00    0.504314708117408542E-01
    0.240040057911736313E-09    0.498130536893053446E+06    0.749775137031431282E+00    0.503220149172397546E-01
    0.263588810099710047E-09    0.498130325032627326E+06    0.749781695471408494E+00    0.496128891493833324E-01
    0.356693259536228400E-09    0.498129695369581226E+06    0.750242722807720530E+00    0.495415942693477676E-01
    0.404768153183871550E-09    0.498129417801730277E+06    0.750093574993835666E+00    0.504271677439042804E-01
    0.650224326073771206E-09    0.498128445104415354E+06    0.750183400025901226E+00    0.495301375698968330E-01
    0.690840011266920071E-09    0.498128299231368524E+06    0.750256428299108880E+00    0.495556350095223627E-01
    0.732920864556217617E-09    0.498128156281070027E+06    0.749628474111837639E+00    0.499242755746961628E-01
    0.998381783493459890E-09    0.498127513393678528E+06    0.750418050707120199E+00    0.502580760022503029E-01
    0.144715921874926945E-08    0.498126746258315456E+06    0.750429624780179827E+00    0.502364799230596709E-01
    0.245463986761985329E-08    0.498125664811793889E+06    0.750480406351794582E+00    0.501343935395401688E-01
    0.293417716152794989E-08    0.498125283226429718E+06    0.749685274497625009E+00    0.501565204017021954E-01
    0.350180346219586111E-08    0.498124904832970584E+06    0.750450109481009098E+00    0.501860776282884169E-01
    0.471985073433674100E-08    0.498124283143483917E+06    0.750384869252630593E+00    0.496727000498296545E-01
    0.523025568901556007E-08    0.498124053086144326E+06    0.749691427829373147E+00    0.501524368257099187E-01
    0.581476586738565574E-08    0.498123816514074686E+06    0.750496826523337046E+00    0.500337540825418134E-01
    0.756758904418125012E-08    0.498123264874702843E+06    0.749671510423739473E+00    0.500866332103085329E-01
    0.754472095694750183E-08    0.498123246236186475E+06    0.750477557985359089E+00    0.501002192759112605E-01
    0.902071804552740842E-08    0.498122864193170157E+06    0.749686368241012535E+00    0.498152773877737695E-01
    0.107924086994119502E-07    0.498122480863708246E+06    0.750146684695029653E+00    0.503807774894766414E-01
    0.110960275908050631E-07    0.498122400683988642E+06    0.749702843747858449E+00    0.497849399961458258E-01
    0.114272373529820778E-07    0.498122317167475354E+06    0.750440529990325067E+00    0.501712701294357022E-01
    0.119836036299564908E-07    0.498122197396909120E+06    0.750200331817112542E+00    0.503661270640182249E-01
    0.150374659869982003E-07    0.498121718694614887E+06    0.750030451275185528E+00    0.495591205058065198E-01
    0.150375632212883419E-07    0.498121693990324624E+06    0.749860225127865099E+00    0.503202079303708832E-01
    0.149432431198624693E-07    0.498121681883072772E+06    0.749699196727731443E+00    0.498032369517105306E-01
    0.155794474092579448E-07    0.498121573805035907E+06    0.750440609695996019E+00    0.501614437483101361E-01
    0.214643478755960241E-07    0.498120908232180809E+06    0.750475785950703078E+00    0.498887876392404908E-01
    0.239781770898208576E-07    0.498120662039206014E+06    0.750157254628780912E+00    0.495712851235873761E-01
    0.313921754777430137E-07    0.498120098518759012E+06    0.750322503320596135E+00    0.496508764966422794E-01
    0.362093960985452067E-07    0.498119788307455776E+06    0.750460125005907308E+00    0.498550900007111650E-01
    0.363605259495751211E-07    0.498119755285920983E+06    0.749895926613966757E+00    0.496117925427889961E-01
    0.404036934280277318E-07    0.498119519719626929E+06    0.750157386097235257E+00    0.495786478413291348E-01
    0.545436846630527659E-07    0.498118894866805349E+06    0.750455231302299297E+00    0.500801950450616221E-01
    0.706372403961223391E-07    0.498118353064335824E+06    0.750362167075702691E+00    0.502365820468001004E-01
    0.772368932260111289E-07    0.498118149733488564E+06    0.749835222351190933E+00    0.502750451636624907E-01
    0.958283262732427248E-07    0.498117693679954158E+06    0.750396597613345873E+00    0.497521457907922487E-01
    0.104044048139243657E-06    0.498117504476542817E+06    0.749866491930521906E+00    0.502922666786522893E-01
    0.106632031410656017E-06    0.498117430645985587E+06    0.750428030584286754E+00    0.498122323694110830E-01
    0.106166692112111330E-06    0.498117414701673260E+06    0.750430090859576016E+00    0.501214948874229779E-01
    0.113672777794342098E-06    0.498117253383265750E+06    0.750438835767003320E+00    0.498426376809575633E-01
    0.122551512310502507E-06    0.498117078276908724E+06    0.750449433383449382E+00    0.498835689143730249E-01
    0.129753650927874261E-06    0.498116939373131609E+06    0.749780591272531494E+00    0.497276062812721242E-01
    0.156897025131158410E-06    0.498116534777694673E+06    0.749878685530175115E+00    0.502922793248123459E-01
    0.174491561367781567E-06    0.498116297512972087E+06    0.750173714854547202E+00    0.496041191945729848E-01
    0.227304629016167993E-06    0.498115743992185395E+06    0.749717053735003747E+00    0.500703080562925618E-01
    0.248950143490634681E-06    0.498115537377720175E+06    0.750303825903892330E+00    0.496741422727567800E-01
    0.258103448202532118E-06    0.498115440470727917E+06    0.750407330809601425E+00    0.497998957054165137E-01
    0.300519796284944631E-06    0.498115111473043857E+06    0.749935061189927366E+00    0.496274395042925823E-01
    0.347122753780460745E-06    0.498114798451995710E+06    0.750442267937219132E+00    0.499372361466654952E-01
    0.345292953281028017E-06    0.498114784331193718E+06    0.749758604718263832E+00    0.501520395151162784E-01
    0.374780822206165532E-06    0.498114595743467042E+06    0.749794071911111470E+00    0.502010534643662909E-01
    0.581293491500632521E-06    0.498113693223314593E+06    0.750050737284750801E+00    0.496101072067588050E-01
    0.725344510690753102E-06    0.498113225750054640E+06    0.750411142812980492E+00    0.498473429009166080E-01
    0.749740450691673426E-06    0.498113134897993179E+06    0.750290172491311136E+00    0.502532371019879034E-01
    0.835826176023302604E-06    0.498112892819460831E+06    0.749741173053414034E+00    0.498564051874634540E-01
    0.886962752107856014E-06    0.498112749363462266E+06    0.750365032709146007E+00    0.501719635101211675E-01
    0.149718359875034355E-05    0.498111677596038149E+06    0.750084418238033512E+00    0.503137042354936601E-01
    0.149085809790891074E-05    0.498111661372447212E+06    0.749757982690477109E+00    0.498369522819099853E-01
    0.210795331196223294E-05    0.498110943949842011E+06    0.750090356594808272E+00    0.503080114204701584E-01
    0.296537591619065600E-05    0.498110236685830867E+06    0.750300091855573115E+00    0.502171661366876063E-01
    0.353440178256302142E-05    0.498109860913974757E+06    0.750406584860369930E+00    0.499952064733638901E-01
    0.352852490655396262E-05    0.498109839550912555E+06    0.749989435520734493E+00    0.496490884283110195E-01
    0.394101607057484579E-05    0.498109593742222758E+06    0.749941313168351997E+00    0.502686816557513863E-01
    0.396438371209352249E-05    0.498109557227194717E+06    0.750044425095706790E+00    0.502960196232220338E-01
    0.507504247663690698E-05    0.498109038566869334E+06    0.749755544955551079E+00    0.499198622382937204E-01
    0.551630840022645511E-05    0.498108847127563669E+06    0.749864788258009396E+00    0.497241211779571313E-01
    0.700114514812044095E-05    0.498108345706486143E+06    0.749936524299976925E+00    0.496813899904731543E-01
    0.742642007924185866E-05    0.498108203074738907E+06    0.750184053304104648E+00    0.496690738979972193E-01
    0.823634321059754116E-05    0.498107971358306007E+06    0.750387978561903979E+00    0.499140507786419579E-01
    0.921583065852305212E-05    0.498107721934410452E+06    0.750339228567668881E+00    0.501412816869080263E-01
    0.103703103468571835E-04    0.498107461194612202E+06    0.749783673599832556E+00    0.500759853562874682E-01
    0.120942475647816288E-04    0.498107128937289119E+06    0.750374583854841126E+00    0.498858406356408116E-01
    0.151280345038130095E-04    0.498106656606570235E+06    0.749802233015551267E+00    0.498339497035367313E-01
    0.155347614746540675E-04    0.498106578854059160E+06    0.750224271996120740E+00    0.497018147027621926E-01
    0.159122960035244490E-04    0.498106506138790632E+06    0.750032619486207808E+00    0.496672297007300159E-01
    0.174691743217324013E-04    0.498106294755999639E+06    0.750168500464094667E+00    0.502568464241638993E-01
    0.205225729226589650E-04    0.498105947889565316E+06    0.750375733695628488E+00    0.499559769545454488E-01
    0.205715428511720849E-04    0.498105918431592814E+06    0.750011860396891605E+00    0.502607432331566226E-01
    0.296700363629116024E-04    0.498105161282326619E+06    0.750367032939956435E+00    0.500045316944645254E-01
    0.317103142420890351E-04    0.498105003582291596E+06    0.750242603207835201E+00    0.497290068335757562E-01
    0.322341464762889669E-04    0.498104946122249821E+06    0.750262020974624133E+00    0.497443971889242956E-01
    0.372248450616606506E-04    0.498104633530739578E+06    0.750161707289642377E+00    0.502438525364751684E-01
    0.386003470920754348E-04    0.498104536269677337E+06    0.749876043471895404E+00    0.497624706008680598E-01
    0.388711343310438819E-04    0.498104497597001959E+06    0.749802622171852895E+00    0.498831004663243399E-01
    0.427391317399601801E-04    0.498104283179628663E+06    0.750289540977326141E+00    0.497791243173527076E-01
    0.476026637768766739E-04    0.498104042940697458E+06    0.749948034393894236E+00    0.502203185429740961E-01
    0.523877582152123950E-04    0.498103826680897793E+06    0.750046089322180642E+00    0.496889290961818261E-01
    0.529609449066607770E-04    0.498103780225917406E+06    0.750308297838996330E+00    0.501265297166861856E-01
    0.532547349680172820E-04    0.498103744470625650E+06    0.750116355569864224E+00    0.502458261518412136E-01
    0.538305820165809308E-04    0.498103698269218788E+06    0.750055324549759650E+00    0.496892472017620573E-01
    0.541787939063384380E-04    0.498103660682198941E+06    0.750328054307965897E+00    0.500901573971691758E-01
    0.542023265725116957E-04    0.498103635122325621E+06    0.750143731989717066E+00    0.502394799472734299E-01
    0.749582605012116219E-04    0.498102962015770085E+06    0.749983156923529570E+00    0.497116377906627396E-01
    0.880726260876759726E-04    0.498102614863734867E+06    0.749997362686785074E+00    0.502261230971842304E-01
    0.901309401927981335E-04    0.498102543968909886E+06    0.750147288110645905E+00    0.497086630887082145E-01
    0.900615087453906946E-04    0.498102520818825113E+06    0.750222589259034622E+00    0.501941519859118168E-01
    0.902818336727776198E-04    0.498102491240676492E+06    0.749896101390449821E+00    0.501669855713079357E-01
    0.952958104534516791E-04    0.498102358450147847E+06    0.750021100521887973E+00    0.502297752654430607E-01
    0.101966190225950164E-03    0.498102198447905947E+06    0.750120381937951608E+00    0.502305048675020724E-01
    0.104275655452278716E-03    0.498102128963276104E+06    0.750340807371091656E+00    0.499880351878090740E-01
    0.107924660881229698E-03    0.498102035480971274E+06    0.750264090452304799E+00    0.497823468705962599E-01
    0.109599579226272529E-03    0.498101979989341111E+06    0.749977799496215569E+00    0.497236436047853655E-01
    0.110084655906909662E-03    0.498101946465715824E+06    0.750206481801288905E+00    0.501974520843168487E-01
    0.109084661243397956E-03    0.498101940025116957E+06    0.750300473187584860E+00    0.498300950285582370E-01
    0.146611427321279676E-03    0.498101324010866927E+06    0.749883337913148762E+00    0.501377910012921826E-01
    0.158855443388918987E-03    0.498101138901724480E+06    0.750299156844189019E+00    0.498433402606364359E-01
    0.168712691983076559E-03    0.498100993805180129E+06    0.749823337047280103E+00    0.499509497644170034E-01
    0.178723911928386689E-03    0.498100853823816287E+06    0.750044797782610906E+00    0.497175567776669824E-01
    0.208143545723253278E-03    0.498100524360974901E+06    0.749862509312580250E+00    0.500953983238985601E-01
    0.243265165447654352E-03    0.498100187821419095E+06    0.749980461527896214E+00    0.497418824062656195E-01
    0.241874580122680846E-03    0.498100174595533870E+06    0.749854525809543260E+00    0.500726544809636312E-01
    0.248550588306792439E-03    0.498100095450032561E+06    0.750196979313364043E+00    0.497551352337899169E-01
    0.251862246342887924E-03    0.498100044286880409E+06    0.750106447142656396E+00    0.502106364855287035E-01
    0.251387758261240090E-03    0.498100023366914073E+06    0.749891043604976160E+00    0.498095732582730030E-01
    0.253770516504426853E-03    0.498099979807996831E+06    0.750117500762809475E+00    0.497280236578954218E-01
    0.251884371155145479E-03    0.498099970037124236E+06    0.750205384518691787E+00    0.501748511934347052E-01
    0.254731030841643378E-03    0.498099922869626491E+06    0.750318309868849509E+00    0.499912744322571767E-01
    0.274220065314733264E-03    0.498099750732799177E+06    0.749839570547489509E+00    0.500117335277021000E-01
    0.282327872477977041E-03    0.498099667765197519E+06    0.750022276573638846E+00    0.502021947115409359E-01
    0.301091324910626637E-03    0.498099514384719834E+06    0.750039912686478294E+00    0.502039547808793771E-01
    0.305207120227414660E-03    0.498099462539351603E+06    0.750089048670403713E+00    0.502059471615374647E-01
    0.304949050816249860E-03    0.498099439539818966E+06    0.749917790260700712E+00    0.497909477525260991E-01
    0.334520536096480077E-03    0.498099229741351097E+06    0.750149502614389396E+00    0.501922156430048769E-01
    0.371544853691289608E-03    0.498098995107348077E+06    0.750305514860973521E+00    0.500109909029569782E-01
    0.370836707962244260E-03    0.498098974231526314E+06    0.749871340172008405E+00    0.500776011058262707E-01
    0.399021097711166686E-03    0.498098803035235265E+06    0.749901348652450062E+00    0.498176311518491594E-01
    0.395458785730686631E-03    0.498098796279313625E+06    0.750154545794625371E+00    0.501854581504176459E-01
    0.446088329401842692E-03    0.498098530647142325E+06    0.749862468823591422E+00    0.498901838202558470E-01
    0.479570983144677937E-03    0.498098361205906898E+06    0.749995344902104066E+00    0.501789062262572721E-01
    0.475443908600539677E-03    0.498098353800563025E+06    0.750290907768820792E+00    0.498972857118677657E-01
    0.477471728089833795E-03    0.498098320597129117E+06    0.750252682835626072E+00    0.501089846678775125E-01
    0.492744646211029061E-03    0.498098232933509338E+06    0.749930508228244919E+00    0.497974415897961611E-01
    0.489332046217103587E-03    0.498098222141732695E+06    0.750109458198006340E+00    0.497460491867266902E-01
    0.552896671152181668E-03    0.498097953190689732E+06    0.750115519140421072E+00    0.497501520279197487E-01
    0.577446003928378470E-03    0.498097841611720331E+06    0.750192696840919937E+00    0.497812355237456580E-01
    0.572809231393119804E-03    0.498097833044775412E+06    0.749929472623383053E+00    0.501313821532853865E-01
    0.590204392128617869E-03    0.498097748521072441E+06    0.750075751396287127E+00    0.501870394701377301E-01
    0.615467755758504248E-03    0.498097640002408531E+06    0.749894123791644440E+00    0.500864814554932494E-01
    0.661040210634256456E-03    0.498097472446822794E+06    0.749915242711903351E+00    0.501110097861234630E-01
    0.712739281301980727E-03    0.498097297153428488E+06    0.750276075395339470E+00    0.498920788121503742E-01
    0.706798607801260078E-03    0.498097289201907348E+06    0.749965116123435527E+00    0.497857645220216583E-01
    0.748631428455818928E-03    0.498097149508535687E+06    0.750173912580749946E+00    0.497798921924103924E-01
    0.862794446075612273E-03    0.498096840957777982E+06    0.749972035605982690E+00    0.501478629449767441E-01
    0.947972177885981278E-03    0.498096627969067544E+06    0.749940505904110433E+00    0.501218132825791696E-01
    0.966054352545518431E-03    0.498096565487820306E+06    0.749896380948589014E+00    0.500647934800868000E-01
    0.984305677881013030E-03    0.498096503363664553E+06    0.749989763018405697E+00    0.501524550348241699E-01
    0.104721009636380693E-02    0.498096354775588959E+06    0.749992170499522826E+00    0.497842665089508057E-01
    0.106497647935833019E-02    0.498096296437957091E+06    0.749875512814451417E+00    0.499755813926821141E-01
    0.106738654469635793E-02    0.498096267225668358E+06    0.750060053511634850E+00    0.501682722523912258E-01
    0.110868291393571915E-02    0.498096166615175083E+06    0.750189474386738553E+00    0.498033585206744053E-01
    0.110637182935128630E-02    0.498096146097231598E+06    0.749940747475643543E+00    0.501138084681404319E-01
    0.113865629810095152E-02    0.498096063880189904E+06    0.750143481142220070E+00    0.501547721807792599E-01
    0.114695205280053013E-02    0.498096024670524523E+06    0.750156633126873862E+00    0.497870526576573227E-01
    0.113304063493630696E-02    0.498096024385543948E+06    0.749884599175059008E+00    0.499203523703943206E-01
    0.121888260952631388E-02    0.498095853634788073E+06    0.749892222053384239E+00    0.499025742394864080E-01
    0.122070754557513923E-02    0.498095825951228442E+06    0.749903090793885729E+00    0.500572677293083523E-01
    0.126725245988475090E-02    0.498095726418883482E+06    0.750254564143101432E+00    0.498912096415824596E-01
    0.129751300587644010E-02    0.498095654531084816E+06    0.750241045630409720E+00    0.500689641460195650E-01
    0.134562090603919686E-02    0.498095557027352974E+06    0.750265856320798896E+00    0.499382405410340527E-01
    0.134606636651468659E-02    0.498095531674015452E+06    0.750170004107568955E+00    0.501350511146059843E-01
    0.135443529811094410E-02    0.498095494586503773E+06    0.749895797407360232E+00    0.499067151506116038E-01
    0.138486096580935233E-02    0.498095425464874541E+06    0.750023187401651192E+00    0.497855076599343638E-01
    0.140803413639136853E-02    0.498095367584010237E+06    0.750057797791971459E+00    0.497795823822397843E-01
    0.140583426602511091E-02    0.498095346019835852E+06    0.750067244412531586E+00    0.501566253491919495E-01
    0.140465387315033899E-02    0.498095323008460633E+06    0.749965268932725082E+00    0.498155718810490145E-01
    0.143153521793723884E-02    0.498095260404045461E+06    0.750201327582068811E+00    0.498277415751763042E-01
    0.154834894428261950E-02    0.498095078829250298E+06    0.749894731262646608E+00    0.500026426247102904E-01
    0.161308164553737501E-02    0.498094972223394085E+06    0.750257810960982985E+00    0.499381791926551757E-01
    0.163633548053795474E-02    0.498094918906308943E+06    0.750186059642492853E+00    0.498212996599303459E-01
    0.162087708802863208E-02    0.498094913198677939E+06    0.749902963527318223E+00    0.500252210292908561E-01
    0.165060760057033208E-02    0.498094852155224304E+06    0.750256899818738665E+00    0.499927255827681341E-01
    0.166471780588749391E-02    0.498094810439545836E+06    0.750238236184212592E+00    0.500504239206926577E-01
    0.170411469713189828E-02    0.498094738967960759E+06    0.750021166386560356E+00    0.497959842892227167E-01
    0.172628764509954709E-02    0.498094688421610161E+06    0.750235487181718064E+00    0.500519783436520621E-01
    0.182152928955201725E-02    0.498094556323883531E+06    0.749900798553804759E+00    0.499408002726411046E-01
    0.181437236173190232E-02    0.498094539506156580E+06    0.749937279694173453E+00    0.500779906708980413E-01
    0.182265702369357931E-02    0.498094505703322764E+06    0.750230041129140934E+00    0.500564399269543825E-01
    0.189003311316440228E-02    0.498094408413945697E+06    0.749997603082384834E+00    0.498107191539131841E-01
    0.192702529904106553E-02    0.498094344956249814E+06    0.750189727228939063E+00    0.501012536813039006E-01
    0.201662277924608609E-02    0.498094229371486348E+06    0.750169016872870298E+00    0.498214941617334678E-01
    0.203302115943091713E-02    0.498094188482684724E+06    0.749953804893277010E+00    0.498465056243586682E-01
    0.207283784277808832E-02    0.498094124999997963E+06    0.749913957287310917E+00    0.500223357904182875E-01
    0.220191200032495522E-02    0.498093979493705847E+06    0.750235046607961920E+00    0.500277442094388056E-01
    0.218739986631494602E-02    0.498093968027370167E+06    0.749949708207270027E+00    0.500797578312274783E-01
    0.234036536956118858E-02    0.498093808149021759E+06    0.749915980446364316E+00    0.499227311115036376E-01
    0.241262597349632939E-02    0.498093722640240041E+06    0.750056160931487415E+00    0.498034864993476059E-01
    0.248710884367330269E-02    0.498093637138563907E+06    0.749967380426530661E+00    0.498450926620519000E-01
    0.256816080425902689E-02    0.498093548309058999E+06    0.750034363346742783E+00    0.501250862095516600E-01
    0.257642823106877736E-02    0.498093517189639271E+06    0.750088185719979927E+00    0.501297982288149493E-01
    0.259694161845780902E-02    0.498093476637443528E+06    0.750183739427583762E+00    0.498468341466789602E-01
    0.256812361270243291E-02    0.498093474263948679E+06    0.750209376562645747E+00    0.500600345870286373E-01
    0.257647139682972912E-02    0.498093443082057289E+06    0.750010423609020593E+00    0.501147572630732951E-01
    0.265765090736420516E-02    0.498093356347043416E+06    0.750100318162625124E+00    0.498097626798491219E-01
    0.275407332285020675E-02    0.498093260378867388E+06    0.750174806038865882E+00    0.500919548452285132E-01
    0.279255672746437592E-02    0.498093207934425562E+06    0.750144396354384790E+00    0.498257888142890210E-01
    0.276778443141765650E-02    0.498093201063887682E+06    0.749922168129313671E+00    0.499380738136749741E-01
    0.274987966695834944E-02    0.498093189352534944E+06    0.750186006605302769E+00    0.500805889334988846E-01
    0.275681682557781752E-02    0.498093159622103325E+06    0.749956102645431333E+00    0.500677372086317379E-01
    0.275213214132498558E-02    0.498093138332254661E+06    0.750207545948361587E+00    0.500530730738182814E-01
    0.275001120899088115E-02    0.498093115182792069E+06    0.750137671114039506E+00    0.498243941659216802E-01
    0.272851534860696961E-02    0.498093106186143530E+06    0.750114902234613190E+00    0.501188267849627736E-01
    0.281734586756552914E-02    0.498093017419531243E+06    0.749926713318161853E+00    0.499312775749627194E-01
    0.286546858143379773E-02    0.498092958854912256E+06    0.749983305020528457E+00    0.498460215251237543E-01
    0.296535459172106918E-02    0.498092865634099755E+06    0.749996761061548223E+00    0.498386225466671273E-01
    0.297699145293146145E-02    0.498092833109555300E+06    0.750076337342447719E+00    0.498165221532727229E-01
    0.297018893453528847E-02    0.498092812993489031E+06    0.750225073224912720E+00    0.499417236339097514E-01
    0.296203390599894707E-02    0.498092793800935673E+06    0.750125814896975385E+00    0.501101204922492563E-01
    0.296930746827505200E-02    0.498092764204403269E+06    0.750184356032117972E+00    0.500722238516623508E-01
    0.309888615877573466E-02    0.498092654085058544E+06    0.750161135018623360E+00    0.500895072492969634E-01
    0.308519090225423728E-02    0.498092638252114702E+06    0.750217983520227838E+00    0.500109368293271614E-01
    0.311638075406747749E-02    0.498092593443201622E+06    0.750015969025270790E+00    0.501017964212372088E-01
    0.310130426612809833E-02    0.498092578450963076E+06    0.749931061908351793E+00    0.499868894127266788E-01
    0.315226747365574900E-02    0.498092521161059500E+06    0.750156996375545781E+00    0.498461479688117118E-01
    0.311577587250217239E-02    0.498092519757360104E+06    0.750222246797938475E+00    0.499725802122492416E-01
    0.324391777811494164E-02    0.498092414458816813E+06    0.750172586416328002E+00    0.498605691632480058E-01
    0.335433043127470994E-02    0.498092322826684802E+06    0.750086604052135564E+00    0.498257281135482261E-01
    0.342499425515532590E-02    0.498092256440092227E+06    0.749935747329698810E+00    0.499760477312426454E-01
    0.340555489790815786E-02    0.498092243132539093E+06    0.750074216199201227E+00    0.501086830960587246E-01
    0.346423393356084510E-02    0.498092184273922525E+06    0.749979760280607755E+00    0.498667720846089624E-01
    0.352289249093707584E-02    0.498092126000841788E+06    0.750208228270246802E+00    0.499241913873736398E-01
    0.356049349130556012E-02    0.498092080075936043E+06    0.749971395687630049E+00    0.498784609449511931E-01
    0.354458103251252933E-02    0.498092064342955768E+06    0.750211891128332864E+00    0.499926094426674655E-01
    0.356176104418915286E-02    0.498092029981337080E+06    0.750099325322784449E+00    0.501028943530415979E-01
    0.354072324391749640E-02    0.498092017138149880E+06    0.750199777325703643E+00    0.499086110430488755E-01
    0.355610983991538508E-02    0.498091983774405206E+06    0.750203339051093154E+00    0.499183838272503136E-01
    0.351856894570040700E-02    0.498091980308743892E+06    0.749952742270501571E+00    0.499113563127810828E-01
    0.350001865290769073E-02    0.498091966189504950E+06    0.750201324101184341E+00    0.500213657699050615E-01
    0.354090403680657872E-02    0.498091918270598340E+06    0.750195846766605556E+00    0.500307567909257372E-01
    0.373512903304972941E-02    0.498091786778654729E+06    0.749954660036107001E+00    0.500191171198638845E-01
    0.398146025001907232E-02    0.498091634354728682E+06    0.749950320984001606E+00    0.499394197054539649E-01
    0.403857666776748399E-02    0.498091581176028762E+06    0.749995634952085655E+00    0.500672882244923012E-01
    0.423199727331072684E-02    0.498091462921210099E+06    0.750015185447587274E+00    0.498576053336537081E-01
    0.425964104563804694E-02    0.498091425208162284E+06    0.749978247961876288E+00    0.500451499114110826E-01
    0.437143555208869584E-02    0.498091348703680967E+06    0.750009522411180574E+00    0.498637238371810176E-01
    0.442145612840118014E-02    0.498091301257071260E+06    0.750071078662273294E+00    0.500902986359810856E-01
    0.444112438581788921E-02    0.498091267688709660E+06    0.749957007530879127E+00    0.499437246871385562E-01
    0.450598737078372960E-02    0.498091213998441992E+06    0.750184575773919171E+00    0.499136560394849785E-01
    0.459568726843875060E-02    0.498091149884535698E+06    0.749960051242952841E+00    0.499413551021332391E-01
    0.457635059156261646E-02    0.498091133626071562E+06    0.750176564745042351E+00    0.499030533588312730E-01
    0.453011756081883772E-02    0.498091129242664843E+06    0.749966893007912083E+00    0.499214111301298641E-01
    0.453267239388099701E-02    0.498091103423692461E+06    0.750077129712147239E+00    0.498491552397660603E-01
    0.453265722226622349E-02    0.498091078739028773E+06    0.750044553250914570E+00    0.500812365414999572E-01
    0.448936122013784532E-02    0.498091073243523540E+06    0.750091866507672123E+00    0.500845930719909793E-01
    0.447468304165459137E-02    0.498091055101973237E+06    0.750032171695425687E+00    0.498588849214284674E-01
    0.443345305495199994E-02    0.498091048924154136E+06    0.750185256642596165E+00    0.500118334174616194E-01
    0.443098308710421739E-02    0.498091025347347721E+06    0.750158013573468563E+00    0.500514758974438465E-01
    0.440005886608068643E-02    0.498091014663101232E+06    0.750156636229180163E+00    0.498830403465762087E-01
    0.435377326244027873E-02    0.498091011121810705E+06    0.750090200229661663E+00    0.500834331419058795E-01
    0.434550466792517180E-02    0.498090990232422017E+06    0.749962121732774434E+00    0.499488056162413832E-01
    0.432752420100709651E-02    0.498090973833665310E+06    0.749960970023530127E+00    0.499656479150301022E-01
    0.434446733976736645E-02    0.498090941327188804E+06    0.750151304835979027E+00    0.500550945193199287E-01
    0.441440611672429348E-02    0.498090884695529880E+06    0.750073215743740640E+00    0.498539949530641679E-01
    0.440828831029917764E-02    0.498090862777840346E+06    0.750139668967966244E+00    0.500617290766820489E-01
    0.438529823738386098E-02    0.498090848544160894E+06    0.750175571048976586E+00    0.499136102237685703E-01
    0.434046936758715387E-02    0.498090844403093099E+06    0.750018654318082900E+00    0.498708333040114790E-01
    0.443853104210264852E-02    0.498090775029767363E+06    0.750140484009237718E+00    0.498767170437199175E-01
    0.439739425184192904E-02    0.498090768961059977E+06    0.749992505338822335E+00    0.500401686991041802E-01
    0.434563371460671647E-02    0.498090767950807465E+06    0.750061737930106109E+00    0.500777491952898307E-01
    0.434882531475390671E-02    0.498090741791111825E+06    0.749967060176038092E+00    0.499814686123040974E-01
    0.432705829151217025E-02    0.498090727135420486E+06    0.750035660353129408E+00    0.500698865392872686E-01
    0.430817897380894252E-02    0.498090711189321999E+06    0.749991231885182130E+00    0.500365542412023051E-01
    0.425927953668907289E-02    0.498090709328523604E+06    0.750076973975764116E+00    0.500773997893938852E-01
    0.429591497530899900E-02    0.498090667508081009E+06    0.750155588101233617E+00    0.500423854007395613E-01
    0.425451369068320477E-02    0.498090662184925342E+06    0.750181278934377360E+00    0.499963421494186294E-01
    0.423553399981756781E-02    0.498090646435671370E+06    0.750137061409737238E+00    0.498779786803829686E-01
    0.423570627339081400E-02    0.498090621662968246E+06    0.750180274423110083E+00    0.499963899513294133E-01
    0.420414842128412260E-02    0.498090611928265425E+06    0.750089121273869286E+00    0.498609762300943823E-01
    0.415602959746668148E-02    0.498090610260032059E+06    0.750099026162968419E+00    0.498626654253877116E-01
    0.417266053322617493E-02    0.498090577581363847E+06    0.749996077457394605E+00    0.498977572729669347E-01
    0.413688760792063626E-02    0.498090570110266504E+06    0.750141849009657302E+00    0.500517511898678491E-01
    0.415300336393444221E-02    0.498090537642798328E+06    0.750151382828559643E+00    0.498931798570766277E-01
    0.415170513005140834E-02    0.498090513576740457E+06    0.750058148909337197E+00    0.498641997581952545E-01
    0.410167611544050379E-02    0.498090513132233988E+06    0.749973871665275182E+00    0.499893431681674091E-01
    0.414461989878239182E-02    0.498090467610107095E+06    0.750058278581641757E+00    0.498653143935484447E-01
    0.414521294179791798E-02    0.498090442632594670E+06    0.750137429916615917E+00    0.500511903475123754E-01
    0.410112810569614791E-02    0.498090439325390325E+06    0.750171128536702758E+00    0.499264410249663296E-01
    0.413893383620838641E-02    0.498090396281745110E+06    0.750160068527440549E+00    0.499089184711574430E-01
    0.413869177874100300E-02    0.498090371707356593E+06    0.750175332564669395E+00    0.499443646778917547E-01
    0.408936834517968206E-02    0.498090370994444878E+06    0.750138800263829508E+00    0.498874949955148486E-01
    0.405145428079467778E-02    0.498090364932328754E+06    0.749975614090249487E+00    0.499761095355412063E-01
    0.400472073289016850E-02    0.498090363445070456E+06    0.750114663115341362E+00    0.500616094323519042E-01
    0.397535778637493273E-02    0.498090353471902956E+06    0.750025260853889431E+00    0.498805075877459814E-01
    0.397549332697281696E-02    0.498090328712355695E+06    0.749987806365391640E+00    0.499206185551090142E-01
    0.394686076686038244E-02    0.498090318477652560E+06    0.750157409548149245E+00    0.499085676930866168E-01
    0.391049026135174751E-02    0.498090312301829981E+06    0.749997184638489633E+00    0.499067482650409275E-01
    0.389107973324896717E-02    0.498090297562606283E+06    0.750157178734097929E+00    0.499091560732416797E-01
    0.392882049752770433E-02    0.498090253566113301E+06    0.750094416455261759E+00    0.500645928254466327E-01
    0.389456475303791121E-02    0.498090246389405162E+06    0.749989728850999238E+00    0.500136540245815081E-01
    0.388569104751793721E-02    0.498090226260215568E+06    0.750127253315008180E+00    0.498840156773590615E-01
    0.385627030180416604E-02    0.498090216769598541E+06    0.750145332783713203E+00    0.500369158873578898E-01
    0.387780243574973585E-02    0.498090180941965897E+06    0.750170795506372556E+00    0.499889382881585839E-01
    0.386721780587380133E-02    0.498090161717158568E+06    0.750104866949594440E+00    0.500595561601046360E-01
    0.382669754321526443E-02    0.498090158092129161E+06    0.750103238145373497E+00    0.498753930589534641E-01
    0.379093607054045972E-02    0.498090152179167257E+06    0.750101186666575770E+00    0.500603456921406773E-01
    0.384241946345996585E-02    0.498090100509281445E+06    0.750056008052461642E+00    0.500598710426729682E-01
    0.380839348986064573E-02    0.498090093607508985E+06    0.749994349871263899E+00    0.499214620999011982E-01
    0.384334758885451809E-02    0.498090050643529510E+06    0.750128290424632027E+00    0.498902303143928458E-01
    0.388052399259905013E-02    0.498090006699292688E+06    0.750141539630637011E+00    0.500326999746407639E-01
    0.384623814055062765E-02    0.498089999757194426E+06    0.750103982512896117E+00    0.500552159023684856E-01
    0.380286895413874722E-02    0.498089997745425324E+06    0.750116392465210891E+00    0.498850868321725829E-01
    0.377121696229239549E-02    0.498089989770104818E+06    0.750103968539137300E+00    0.500549282240514148E-01
    0.380709937916080040E-02    0.498089946139086096E+06    0.749994214870259079E+00    0.500043226496165311E-01
    0.376556168275235092E-02    0.498089943388819927E+06    0.750010440313305216E+00    0.500288191721475831E-01
    0.375146669763740288E-02    0.498089926197767083E+06    0.750026424329815589E+00    0.498932624942211508E-01
    0.386295035855035171E-02    0.498089842937708599E+06    0.749989391899504865E+00    0.499698864372835616E-01
    0.391919649308587921E-02    0.498089789335503709E+06    0.750022072049809529E+00    0.499014743838273808E-01
    0.387359832535421212E-02    0.498089788049708994E+06    0.750000137053062788E+00    0.499290072520244890E-01
    0.387703298478612925E-02    0.498089761585767788E+06    0.750093798771393483E+00    0.498845365553509598E-01
    0.385610963325628674E-02    0.498089747717126273E+06    0.750142949864827213E+00    0.499155391332734288E-01
    0.385760719125971671E-02    0.498089722249199462E+06    0.750007030939517816E+00    0.499211023938546383E-01
    0.382537489303661632E-02    0.498089714339079219E+06    0.750023907536056189E+00    0.500322619152156894E-01
    0.378324701400985491E-02    0.498089711795390001E+06    0.750127444310601743E+00    0.499016608060623562E-01
    0.378150155478574126E-02    0.498089688026975666E+06    0.749994989695561554E+00    0.499548571303106148E-01
    0.376912284480953154E-02    0.498089669893338112E+06    0.749994581241484437E+00    0.499688431686989912E-01
    0.375174669595626812E-02    0.498089654443560285E+06    0.750001432534122214E+00    0.499359133245163220E-01
    0.373715632338289484E-02    0.498089637545274803E+06    0.750042964696329251E+00    0.498938392514980122E-01
    0.374556648237944420E-02    0.498089608358140162E+06    0.750009045339154024E+00    0.500106164471794123E-01
    0.374538642485841653E-02    0.498089583762928785E+06    0.750049187839310516E+00    0.498931286168692589E-01
    0.370237611013868144E-02    0.498089582171551534E+06    0.750027916821187302E+00    0.499049916199632085E-01
    0.367238535459439444E-02    0.498089573746981798E+06    0.750113734977313706E+00    0.498979249779353956E-01
    0.366690943638053055E-02    0.498089552040062670E+06    0.750001188129856389E+00    0.499465324259719054E-01
    0.366985002240990520E-02    0.498089525745497609E+06    0.750030898401010115E+00    0.499050412526028872E-01
    0.363733342663141983E-02    0.498089518854054215E+06    0.750131721432163112E+00    0.500216741685796593E-01
    0.359309338590435004E-02    0.498089518637374626E+06    0.750153705679421412E+00    0.499695079059628913E-01
    0.355768996660834214E-02    0.498089513750117389E+06    0.750144709640710450E+00    0.499317878525353739E-01
    0.351665920644354726E-02    0.498089512258756557E+06    0.750128943986839491E+00    0.500240755395041647E-01
    0.348316550922772323E-02    0.498089506707279419E+06    0.750091745490049311E+00    0.498923123801218588E-01
    0.351566359807515280E-02    0.498089463442344626E+06    0.750120544056379956E+00    0.499064526557865748E-01
    0.347279127468312502E-02    0.498089463290237181E+06    0.750086067340154816E+00    0.500423872811016704E-01
    0.345170810404323881E-02    0.498089450777801918E+06    0.750120637081909680E+00    0.500282418335754597E-01
    0.348371336839593208E-02    0.498089407627296634E+06    0.750148336427891804E+00    0.499522516155623403E-01
    0.346363167959797989E-02    0.498089394498194160E+06    0.750003722749157276E+00    0.499637956112694431E-01
    0.343036212526796110E-02    0.498089389110487129E+06    0.750079845479395990E+00    0.498948642479868851E-01
    0.340737848031503598E-02    0.498089377864348993E+06    0.750042521587256039E+00    0.499036715605298761E-01
    0.337881547759991087E-02    0.498089370009038772E+06    0.750124544321526865E+00    0.500214913956840007E-01
    0.334366310473731060E-02    0.498089366234188143E+06    0.750039660936269725E+00    0.499057580385648888E-01
    0.337975286413168740E-02    0.498089320071538619E+06    0.750022684961347719E+00    0.500127385637373495E-01
    0.334786576803196940E-02    0.498089314339242701E+06    0.750006844755973567E+00    0.499604126701309811E-01
    0.331312027288306913E-02    0.498089310513150005E+06    0.750028480525357755E+00    0.499167202491804796E-01
    0.327726963642478459E-02    0.498089307581348286E+06    0.750047996755210389E+00    0.500313612476595004E-01
    0.325906122047850411E-02    0.498089294032916485E+06    0.750008210332062220E+00    0.499558767478862284E-01
    0.322587168367359078E-02    0.498089289813521435E+06    0.750143919493733158E+00    0.499517864723870789E-01
    0.323872099916467293E-02    0.498089257171572826E+06    0.750139546814190816E+00    0.499932680555200265E-01
    0.320752473989085020E-02    0.498089251838150609E+06    0.750067102958759224E+00    0.500347616630473155E-01
    0.317403780386225909E-02    0.498089248136788781E+06    0.750094715885039398E+00    0.499023978333831206E-01
    0.313644067364706510E-02    0.498089247277268674E+06    0.750044181394813436E+00    0.500269649589870913E-01
    0.311910915075104891E-02    0.498089233668272907E+06    0.750115075368714690E+00    0.500226197674504477E-01
    0.309328084253654911E-02    0.498089225607201806E+06    0.750139580932011274E+00    0.499454977088711824E-01
    0.307580215701137253E-02    0.498089212248959113E+06    0.750139340737305704E+00    0.499463696616743377E-01
    0.306294668857480957E-02    0.498089195934218238E+06    0.750026407516426796E+00    0.500099309793050409E-01
    0.304020928313453263E-02    0.498089186144993291E+06    0.750079266477324813E+00    0.499023340733706980E-01
    0.301871676259366254E-02    0.498089175642691553E+06    0.750129427811549454E+00    0.499300336945999873E-01
    0.302407333274993650E-02    0.498089147405573050E+06    0.750126363698701337E+00    0.499278213522351480E-01
    0.300122691471253018E-02    0.498089137881278351E+06    0.750139825277732930E+00    0.499711318974459945E-01
    0.298770055121623784E-02    0.498089122224183346E+06    0.750015567304542996E+00    0.499529588418432396E-01
    0.296064924886448163E-02    0.498089115723745315E+06    0.750136685863623809E+00    0.499845849696258851E-01
    0.390874518862845133E-02    0.498088560057312832E+06    0.750044171911692259E+00    0.499719893502733742E-01
    0.325125879608440752E-02    0.498088928405624116E+06    0.750033558512342990E+00    0.499344090002051821E-01
    0.416180388074966975E-02    0.498088434592899634E+06    0.750096468623241974E+00    0.499617149896890295E-01
    0.422565609899859963E-02    0.498088404141033650E+06    0.750084802944753992E+00    0.499819718155557063E-01
    0.405993608537615503E-02    0.498088484155648621E+06    0.750051468362121332E+00    0.499747994253531697E-01
    0.393677406157767664E-02    0.498088545766866882E+06    0.750049662029840358E+00    0.499510145987826920E-01
    0.311320761899669049E-02    0.498089015182943724E+06    0.750032398513709619E+00    0.500054901750355343E-01
    0.329095372674456611E-02    0.498088904135291930E+06    0.750025444104036820E+00    0.499530818454586648E-01
    0.399914682104568226E-02    0.498088514328023302E+06    0.750090903146502064E+00    0.499927142172154615E-01
    0.334895443184881356E-02    0.498088869193736115E+06    0.750127981391509713E+00    0.499687653112900892E-01
    0.404797247052091080E-02    0.498088490057848161E+06    0.750082040911614678E+00    0.499937180926558061E-01
    0.378959871758048324E-02    0.498088621969842119E+06    0.750076603126691777E+00    0.500048116858320055E-01
    0.389655386317158074E-02    0.498088566305035201E+06    0.750074549634745846E+00    0.500007135807309724E-01
    0.336028008845940581E-02    0.498088862441450241E+06    0.750025481871199995E+00    0.499673579957440259E-01
    0.427076261532610257E-02    0.498088382905291102E+06    0.750066668886768206E+00    0.499758501021718149E-01
    0.324891245864572563E-02    0.498088929849486100E+06    0.750122869255134717E+00    0.499391393532823830E-01
    0.339361945048626424E-02    0.498088842696037900E+06    0.750126234121639701E+00    0.499741758281162865E-01
    0.344669245732045788E-02    0.498088811659984232E+06    0.750036654704206662E+00    0.499399849062394235E-01
    0.322892268321022750E-02    0.498088942193016584E+06    0.750021939483442868E+00    0.499731846834112203E-01
    0.364450470028674246E-02    0.498088700049167499E+06    0.750039546891335229E+00    0.499472242381303264E-01
    0.339548179630065703E-02    0.498088841598781699E+06    0.750063832974019573E+00    0.499191346699274507E-01
    0.344050411811636179E-02    0.498088815254097339E+06    0.750110166774135445E+00    0.500028607237263667E-01
    0.426016175163255930E-02    0.498088387875851709E+06    0.750063652804463743E+00    0.499725825817737349E-01
    0.391368677448097283E-02    0.498088557530432940E+06    0.750076275052289354E+00    0.500000937445894758E-01
    0.313665841665568788E-02    0.498089000174041081E+06    0.750116939270988881E+00    0.499265717160658415E-01
    0.418869428339147930E-02    0.498088421711993578E+06    0.750085778728881825E+00    0.499508223129200915E-01
    0.375383646407266179E-02    0.498088640933362360E+06    0.750063875034233329E+00    0.500039235387061270E-01
    0.307927864843668886E-02    0.498089037099381560E+06    0.750134857128495702E+00    0.499777699578843257E-01
    0.343555745931477382E-02    0.498088818131709530E+06    0.750036192528348300E+00    0.499950232385876284E-01
    0.365722255740980008E-02    0.498088693082120095E+06    0.750082736343156253E+00    0.499261976037474672E-01
    0.406765078990291209E-02    0.498088480358847941E+06    0.750055402134195526E+00    0.499822268735332226E-01
    0.353677844811876212E-02    0.498088760057570762E+06    0.750119673157427336E+00    0.499524140955041190E-01
    0.366455015714728426E-02    0.498088689078935364E+06    0.750087172538832503E+00    0.499273649145921955E-01
    0.328285711780739765E-02    0.498088909061879094E+06    0.750054261553078749E+00    0.500160788149926830E-01
    0.298153698884137371E-02    0.498089101612239319E+06    0.750030778397031805E+00    0.499259022596357863E-01
    0.414306827787249039E-02    0.498088443616824050E+06    0.750055166924415651E+00    0.499717974925254493E-01
    0.393218778975096186E-02    0.498088548098189582E+06    0.750107751477032902E+00    0.499736124940613133E-01
    0.339915299305558905E-02    0.498088839437548770E+06    0.750063714931023640E+00    0.500158524085191278E-01
    0.303370209289452377E-02    0.498089066922737460E+06    0.750050400778445536E+00    0.499130495200748384E-01
    0.298667078511038716E-02    0.498089098171476042E+06    0.750014838433852082E+00    0.499680260939617191E-01
    0.349478248818156948E-02    0.498088783947833348E+06    0.750123251324207652E+00    0.499620440644038752E-01
    0.395489872144910715E-02    0.498088536580124230E+06    0.750105546274548174E+00    0.499780929694712689E-01
    0.361739632685152300E-02    0.498088714981069905E+06    0.750101313530405989E+00    0.500029278788413079E-01
    0.310487913921640626E-02    0.498089020540530444E+06    0.750131696971113704E+00    0.499482124602912067E-01
    0.346306265145976747E-02    0.498088802183396707E+06    0.750113315368693079E+00    0.499367127623066565E-01
    0.314943304796583539E-02    0.498088992045206833E+06    0.750019393919110322E+00    0.499686457449200622E-01
    0.404746015732139735E-02    0.498088490310985071E+06    0.750051443096150905E+00    0.499766415682498522E-01
    0.399493326515319106E-02    0.498088516436361591E+06    0.750074614648180371E+00    0.499384931476370003E-01
    0.313917070374692374E-02    0.498088998572794662E+06    0.750116967576766824E+00    0.500085402739752771E-01
    0.362908439334436563E-02    0.498088708529344120E+06    0.750089291838264227E+00    0.500084086459344143E-01
    0.430898818513209599E-02    0.498088365083877114E+06    0.750077754435762412E+00    0.499589046247616644E-01
    0.361329665866185748E-02    0.498088717248995614E+06    0.750052049797356069E+00    0.500032044176264637E-01
    0.304710117855783603E-02    0.498089058108699741E+06    0.750099951219678651E+00    0.499122415012115128E-01
    0.362186733419947232E-02    0.498088712510648533E+06    0.750095073728517026E+00    0.500063980239910874E-01
    0.324030376811022857E-02    0.498088935155948566E+06    0.750029344689159827E+00    0.499401273679783361E-01
    0.346709438930752848E-02    0.498088799856327765E+06    0.750097499584272076E+00    0.499245082370987567E-01
    0.338432797766394884E-02    0.498088848179396242E+06    0.750027208799256218E+00    0.499574852043128750E-01
    0.338714677106529468E-02    0.498088846514297475E+06    0.750053204656877193E+00    0.500121260012181407E-01
    0.392151470216514121E-02    0.498088553534145001E+06    0.750076027394880107E+00    0.499353489142518800E-01
    0.395765759246777347E-02    0.498088535185444169E+06    0.750062777541110948E+00    0.499950048567909533E-01
    0.300453647658363576E-02    0.498089086243499827E+06    0.750111639362941784E+00    0.500178661378671424E-01
    0.332874585811102899E-02    0.498088881298882829E+06    0.750077306683809897E+00    0.499155202649250590E-01
    0.334354502372111130E-02    0.498088872426853632E+06    0.750075924038188124E+00    0.500192022363506045E-01
    0.393181519258131978E-02    0.498088548287709942E+06    0.750101046283909612E+00    0.499473079132449344E-01
    0.395017332108618061E-02    0.498088538971197151E+06    0.750096792911579713E+00    0.499911159283315740E-01
    0.370121026438547784E-02    0.498088669170381268E+06    0.750055157717991472E+00    0.500017388475816615E-01
    0.350560073261047770E-02    0.498088777766312880E+06    0.750033560227392315E+00    0.499856854262904077E-01
    0.397187949536119411E-02    0.498088528011296177E+06    0.750101703272924136E+00    0.499510009060373100E-01
    0.373247158498604594E-02    0.498088652348835487E+06    0.750059023984901541E+00    0.500026794602860397E-01
    0.298634242889907631E-02    0.498089098391369218E+06    0.750032973703071759E+00    0.500113116641139957E-01
    0.388624250172884015E-02    0.498088571604604658E+06    0.750090476967333553E+00    0.499369735835622983E-01
    0.298525550421687227E-02    0.498089099119432096E+06    0.750025753882852309E+00    0.500026997495433626E-01
    0.312678949053130789E-02    0.498089006476598035E+06    0.750061066103968388E+00    0.499118156163727289E-01
    0.373691227513059387E-02    0.498088649970759463E+06    0.750059781482262711E+00    0.499322286890309386E-01
    0.414259675338692849E-02    0.498088443844457914E+06    0.750056498674007033E+00    0.499589010871907269E-01
    0.380449471523842822E-02    0.498088614123735460E+06    0.750103702508663539E+00    0.499922821428062727E-01
    0.407959939279603240E-02    0.498088474492519454E+06    0.750051732533529969E+00    0.499716156849439250E-01
    0.403413801541778732E-02    0.498088496904806583E+06    0.750077819292522152E+00    0.499948993571910222E-01
    0.393887764050622653E-02    0.498088544698470738E+06    0.750053218475296601E+00    0.499886765305815398E-01
    0.307733093441495738E-02    0.498089038364827458E+06    0.750051473262689616E+00    0.499138870022329886E-01
    0.434069156518480416E-02    0.498088350422746094E+06    0.750075900536607332E+00    0.499685224444678319E-01
